# graph_n10000_pf_1_2147483647_id1531056749_ch.m
xz = [
1 9999
2 77809
3 312589
4 819392
5 1569105
6 2367188
7 2980304
8 3248584
9 3203916
10 3021576
11 2889101
12 2894817
13 2995567
14 3072829
15 3018098
16 2799864
17 2465644
18 2093710
19 1749764
20 1473129
21 1269548
22 1114160
23 976273
24 835743
25 682125
26 524384
27 391753
28 292846
29 221648
30 166061
31 125178
32 95016
33 73229
34 54199
35 37962
36 26681
37 18261
38 11836
39 6961
40 3904
41 2136
42 1166
43 565
44 240
45 93
46 33
47 12
48 2
];
# infPath 0
#                               
#         ..                    
# .....o@@@@@@@@@@@@oooooo..... 
# mean = 14	std = 6.1	skewness = 0.65	kurtosis-3 = 0.19


# root 126 endnodes 500
xz0 = [
1 0
2 3
3 19
4 49
5 56
6 68
7 57
8 28
9 22
10 19
11 25
12 35
13 36
14 31
15 18
16 10
17 3
18 11
19 2
20 4
21 1
22 1
23 1
24 0
25 0
26 0
27 1
];
# infPath 0
#                               
#       .                       
#     o@@@    ..                
# ...o@@@@@@o@@@@oo.o.........  
# mean = 8.9	std = 4.3	skewness = 0.74	kurtosis-3 = 0.031


# root 6923 endnodes 500
xz1 = [
1 0
2 0
3 0
4 0
5 0
6 4
7 9
8 13
9 13
10 13
11 14
12 30
13 59
14 80
15 59
16 39
17 24
18 12
19 19
20 14
21 18
22 23
23 14
24 16
25 4
26 10
27 1
28 4
29 0
30 3
31 2
32 2
33 0
34 0
35 1
];
# infPath 0
#                               
#               o               
#              @@@.             
# ........oooo@@@@@@oooo@oo.o.. 
# mean = 16	std = 4.9	skewness = 0.76	kurtosis-3 = 0.64


# root 4244 endnodes 500
xz2 = [
1 0
2 1
3 3
4 11
5 40
6 48
7 65
8 52
9 44
10 39
11 30
12 34
13 20
14 32
15 22
16 17
17 16
18 10
19 4
20 4
21 2
22 1
23 3
24 1
25 1
];
# infPath 0
#                               
#        .                      
#      .o@oo. . .               
# ....o@@@@@@@@o@@ooo.......    
# mean = 10	std = 4.2	skewness = 0.76	kurtosis-3 = 0.14


# root 2195 endnodes 500
xz3 = [
1 0
2 1
3 1
4 14
5 28
6 56
7 72
8 57
9 44
10 23
11 25
12 23
13 35
14 29
15 28
16 31
17 10
18 5
19 5
20 6
21 2
22 1
23 1
24 2
25 1
];
# infPath 0
#                               
#        o                      
#       @@@o   .                
# ....o@@@@@@@@@@@@o........    
# mean = 10	std = 4.2	skewness = 0.71	kurtosis-3 = -0.084


# root 7879 endnodes 500
xz4 = [
1 0
2 1
3 4
4 10
5 6
6 3
7 6
8 7
9 4
10 1
11 10
12 7
13 13
14 37
15 41
16 59
17 66
18 40
19 21
20 28
21 24
22 22
23 30
24 23
25 16
26 8
27 4
28 2
29 2
30 0
31 2
32 0
33 2
34 0
35 1
];
# infPath 0
#                               
#                  .            
#               .o@@.           
# ....o......o.o@@@@@o@@@@@o... 
# mean = 17	std = 5.3	skewness = -0.32	kurtosis-3 = 0.81


# root 7777 endnodes 500
xz5 = [
1 0
2 0
3 0
4 0
5 1
6 9
7 12
8 7
9 4
10 4
11 6
12 5
13 6
14 9
15 9
16 37
17 40
18 68
19 58
20 39
21 27
22 18
23 23
24 24
25 27
26 25
27 13
28 11
29 6
30 1
31 2
32 1
33 2
34 1
35 0
36 2
37 1
38 1
39 0
40 1
];
# infPath 0
#                               
#                   .           
#                 ..@@.         
# .......o........@@@@@@o@@@@oo 
# mean = 20	std = 5.5	skewness = -0.05	kurtosis-3 = 0.94


# root 5507 endnodes 500
xz6 = [
1 0
2 1
3 0
4 0
5 0
6 11
7 25
8 51
9 74
10 66
11 51
12 28
13 26
14 25
15 23
16 32
17 22
18 18
19 14
20 9
21 9
22 3
23 4
24 2
25 1
26 0
27 2
28 3
];
# infPath 0
#                               
#          o.                   
#         o@@o    .             
# ......o@@@@@@@@@@@oo......... 
# mean = 12	std = 4.3	skewness = 0.97	kurtosis-3 = 0.69


# root 5300 endnodes 500
xz7 = [
1 0
2 0
3 1
4 4
5 16
6 39
7 47
8 58
9 63
10 49
11 28
12 20
13 29
14 40
15 28
16 25
17 26
18 6
19 5
20 2
21 4
22 1
23 2
24 2
25 2
26 2
27 0
28 0
29 1
];
# infPath 0
#                               
#          .                    
#       .o@@o   .               
# .....o@@@@@@o@@@@@........... 
# mean = 11	std = 4.2	skewness = 0.88	kurtosis-3 = 0.83
