# graph_n100000_ba_2_2147483647_id1531077939_ch.m
xz = [
1 199997
2 3446605
3 39815418
4 307462749
5 1236134719
6 2099398183
7 1162502928
8 148335410
9 2651136
10 2855
];
# infPath 0
#                               
#       @                       
#       @                       
#       @                       
#      @@@                      
#      @@@                      
#      @@@                      
# ....@@@@o..                   
# mean = 2.5	std = 3.6	skewness = 1.1	kurtosis-3 = -1.7


# root 61404 endnodes 500
xz0 = [
1 0
2 0
3 2
4 16
5 110
6 261
7 108
8 3
];
# infPath 0
#                               
#       o                       
#       @                       
#       @                       
#       @                       
#       @                       
#      o@o                      
#      @@@                      
#      @@@                      
# ....o@@@.                     
# mean = 5.9	std = 0.79	skewness = -0.4	kurtosis-3 = 0.37


# root 16214 endnodes 500
xz1 = [
1 0
2 0
3 2
4 30
5 189
6 239
7 40
];
# infPath 0
#                               
#       o                       
#      .@                       
#      @@                       
#      @@                       
#      @@                       
#      @@                       
#      @@.                      
# ....@@@@                      
# mean = 5.6	std = 0.74	skewness = -0.24	kurtosis-3 = 0.072


# root 83352 endnodes 500
xz2 = [
1 0
2 2
3 12
4 73
5 218
6 179
7 16
];
# infPath 0
#                               
#      @                        
#      @@                       
#      @@                       
#      @@                       
#     o@@                       
#     @@@                       
# ...o@@@o                      
# mean = 5.2	std = 0.85	skewness = -0.5	kurtosis-3 = 0.46


# root 93022 endnodes 500
xz3 = [
1 0
2 0
3 5
4 37
5 186
6 243
7 28
8 1
];
# infPath 0
#                               
#       @                       
#       @                       
#      @@                       
#      @@                       
#      @@                       
#      @@                       
#     .@@                       
# ....@@@@.                     
# mean = 5.5	std = 0.76	skewness = -0.42	kurtosis-3 = 0.49


# root 82918 endnodes 500
xz4 = [
1 0
2 0
3 0
4 4
5 60
6 227
7 190
8 19
];
# infPath 0
#                               
#       .                       
#       @.                      
#       @@                      
#       @@                      
#       @@                      
#       @@                      
#      @@@                      
# .....@@@o                     
# mean = 6.3	std = 0.76	skewness = -0.2	kurtosis-3 = -0.1


# root 80761 endnodes 500
xz5 = [
1 0
2 0
3 0
4 9
5 54
6 235
7 171
8 31
];
# infPath 0
#                               
#       o                       
#       @                       
#       @o                      
#       @@                      
#       @@                      
#       @@                      
#      @@@                      
# .....@@@@                     
# mean = 6.3	std = 0.82	skewness = -0.17	kurtosis-3 = 0.19


# root 17256 endnodes 500
xz6 = [
1 0
2 0
3 1
4 30
5 149
6 235
7 83
8 2
];
# infPath 0
#                               
#       o                       
#       @                       
#       @                       
#      @@                       
#      @@                       
#      @@o                      
#      @@@                      
# ....@@@@.                     
# mean = 5.8	std = 0.82	skewness = -0.2	kurtosis-3 = -0.2


# root 35957 endnodes 500
xz7 = [
1 0
2 1
3 0
4 14
5 78
6 262
7 139
8 6
];
# infPath 0
#                               
#       o                       
#       @                       
#       @                       
#       @                       
#       @o                      
#       @@                      
#      o@@                      
#      @@@                      
# ....o@@@.                     
# mean = 6.1	std = 0.79	skewness = -0.59	kurtosis-3 = 1.3
