# graph_n100000_pf_1_2147483647_id1531057748_ch.m
xz = [
1 99999
2 929518
3 4297524
4 13233377
5 30516452
6 55676733
7 83394571
8 105652262
9 116471895
10 115159960
11 106450346
12 97912970
13 96010233
14 103173854
15 117439905
16 134174898
17 148894783
18 159165925
19 164598638
20 165778684
21 163586826
22 158857871
23 152563855
24 145960240
25 140258456
26 136309628
27 134859298
28 136153824
29 139582326
30 143076601
31 143456668
32 137945259
33 125702924
34 108577539
35 90302503
36 74871073
37 64714857
38 60036726
39 59620373
40 61861786
41 65185126
42 67962981
43 68697792
44 66395617
45 61009521
46 53551252
47 45441569
48 37948799
49 31916948
50 27698357
51 25315703
52 24542820
53 24819390
54 25312855
55 25200309
56 23992015
57 21716478
58 18842784
59 15892469
60 13111235
61 10573135
62 8357245
63 6617531
64 5447987
65 4791366
66 4419459
67 4054802
68 3533753
69 2843789
70 2121144
71 1515142
72 1091311
73 821247
74 633707
75 474831
76 329788
77 210760
78 120989
79 61990
80 28049
81 10877
82 4003
83 1349
84 443
85 115
86 8
];
# infPath 0
#                               
# ........ooooooooooooooooooooo 
# mean = 25	std = 13	skewness = 1	kurtosis-3 = 0.33


# root 42976 endnodes 500
xz0 = [
1 0
2 0
3 0
4 2
5 10
6 8
7 21
8 24
9 16
10 11
11 9
12 9
13 13
14 8
15 8
16 12
17 15
18 26
19 39
20 32
21 27
22 13
23 9
24 17
25 14
26 25
27 22
28 17
29 9
30 7
31 3
32 4
33 2
34 1
35 1
36 0
37 0
38 0
39 5
40 13
41 11
42 5
43 7
44 4
45 2
46 1
47 0
48 0
49 0
50 0
51 2
52 1
53 3
54 3
55 5
56 1
57 1
58 1
59 1
];
# infPath 0
#                               
#                    ..         
# .....o.o@oo..o..oo@@@@o.oo@@o 
# mean = 22	std = 12	skewness = 0.93	kurtosis-3 = 0.74


# root 34056 endnodes 500
xz1 = [
1 0
2 0
3 0
4 0
5 0
6 0
7 2
8 0
9 4
10 9
11 16
12 14
13 11
14 17
15 19
16 16
17 17
18 18
19 7
20 6
21 8
22 4
23 4
24 9
25 16
26 16
27 28
28 19
29 15
30 15
31 8
32 8
33 15
34 18
35 18
36 23
37 12
38 11
39 8
40 2
41 4
42 3
43 1
44 0
45 3
46 1
47 0
48 7
49 11
50 9
51 12
52 7
53 5
54 3
55 1
56 1
57 1
58 0
59 1
60 3
61 2
62 4
63 2
64 5
65 1
];
# infPath 0
#                               
# ...........oooooooo......oo@o 
# mean = 29	std = 13	skewness = 0.58	kurtosis-3 = -0.3


# root 560 endnodes 500
xz2 = [
1 0
2 1
3 3
4 1
5 2
6 4
7 12
8 26
9 30
10 36
11 16
12 12
13 4
14 1
15 11
16 22
17 20
18 19
19 23
20 21
21 18
22 21
23 25
24 14
25 12
26 14
27 11
28 9
29 5
30 9
31 11
32 12
33 17
34 20
35 2
36 5
37 1
38 1
39 0
40 0
41 1
42 1
43 6
44 9
45 6
46 4
47 1
48 0
49 1
];
# infPath 0
#                               
#           .                   
# .......o@@@oo..o@oo@ooo@oooo. 
# mean = 21	std = 10	skewness = 0.55	kurtosis-3 = -0.32


# root 38958 endnodes 500
xz3 = [
1 0
2 0
3 0
4 2
5 5
6 14
7 15
8 24
9 23
10 19
11 9
12 10
13 9
14 5
15 6
16 7
17 6
18 7
19 8
20 23
21 21
22 25
23 14
24 7
25 18
26 5
27 11
28 23
29 26
30 28
31 18
32 14
33 7
34 4
35 1
36 1
37 0
38 0
39 0
40 2
41 3
42 3
43 13
44 15
45 12
46 9
47 3
48 1
49 2
50 0
51 0
52 1
53 0
54 2
55 2
56 4
57 5
58 4
59 4
];
# infPath 0
#                               
# ......oo@@o.o.......@o@o.o.o@ 
# mean = 25	std = 13	skewness = 0.57	kurtosis-3 = -0.24


# root 16793 endnodes 500
xz4 = [
1 0
2 0
3 0
4 0
5 0
6 1
7 1
8 9
9 19
10 27
11 34
12 20
13 16
14 5
15 12
16 11
17 21
18 33
19 22
20 22
21 19
22 23
23 26
24 20
25 19
26 12
27 14
28 6
29 7
30 4
31 11
32 9
33 16
34 20
35 9
36 7
37 3
38 1
39 2
40 2
41 0
42 0
43 2
44 2
45 2
46 4
47 6
48 1
];
# infPath 0
#                               
#            .      .           
# .........o@@oo.ooo@@@o@@oooo. 
# mean = 21	std = 9.2	skewness = 0.64	kurtosis-3 = -0.068


# root 49130 endnodes 500
xz5 = [
1 0
2 0
3 0
4 0
5 0
6 0
7 0
8 0
9 2
10 2
11 11
12 18
13 24
14 26
15 17
16 8
17 16
18 11
19 7
20 5
21 8
22 12
23 19
24 22
25 24
26 30
27 25
28 15
29 6
30 8
31 6
32 20
33 20
34 25
35 14
36 11
37 9
38 4
39 3
40 2
41 1
42 0
43 2
44 1
45 2
46 9
47 8
48 7
49 8
50 7
51 2
52 4
53 0
54 1
55 0
56 0
57 1
58 0
59 3
60 1
61 3
62 6
63 4
];
# infPath 0
#                               
# ...........oo@@o.oo...oo@@@@o 
# mean = 28	std = 12	skewness = 0.82	kurtosis-3 = 0.31


# root 98224 endnodes 500
xz6 = [
1 0
2 0
3 0
4 0
5 2
6 0
7 0
8 1
9 1
10 0
11 1
12 3
13 7
14 11
15 14
16 10
17 4
18 3
19 5
20 11
21 15
22 26
23 22
24 18
25 18
26 11
27 9
28 11
29 24
30 17
31 28
32 29
33 26
34 19
35 23
36 13
37 20
38 8
39 12
40 17
41 13
42 13
43 5
44 8
45 3
46 4
47 4
48 2
49 3
50 2
51 2
52 1
53 0
54 1
];
# infPath 0
#                               
# ..............ooo...oo@@ooo.o 
# mean = 30	std = 9	skewness = -0.066	kurtosis-3 = -0.42


# root 18712 endnodes 500
xz7 = [
1 0
2 0
3 0
4 0
5 0
6 1
7 2
8 1
9 10
10 8
11 22
12 31
13 32
14 19
15 12
16 6
17 12
18 5
19 19
20 20
21 20
22 27
23 27
24 32
25 13
26 27
27 16
28 15
29 8
30 12
31 6
32 6
33 7
34 8
35 16
36 17
37 9
38 5
39 6
40 0
41 4
42 0
43 1
44 0
45 0
46 1
47 4
48 4
49 6
50 1
51 0
52 1
53 1
];
# infPath 0
#                               
#              .          .     
# .........o.@@@oo.o.ooo@@@o@oo 
# mean = 23	std = 9.6	skewness = 0.64	kurtosis-3 = 0.041
