#exname = graph_n10000_ba_1_2147483647_id1530955449_ch.m
xz = [
1 9999
2 99113
3 427113
4 1193495
5 2546228
6 4389661
7 6289680
8 7595015
9 7812697
10 6905323
11 5284752
12 3525715
13 2061566
14 1062934
15 486080
16 199173
17 73318
18 23985
19 6966
20 1744
21 367
22 66
23 9
24 1
];
# infPath 0
#                               
#        .oo.                   
#       o@@@@o.                 
# ....o@@@@@@@@oo..........     
# mean = 8.9	std = 2.5	skewness = 0.18	kurtosis-3 = -0.031


# root 9908 endnodes 500
xz0 = [
1 0
2 0
3 1
4 10
5 37
6 45
7 75
8 109
9 100
10 73
11 34
12 10
13 4
14 2
];
# infPath 0
#                               
#         o.                    
#        o@@o                   
#      .o@@@@.                  
# ....o@@@@@@@o..               
# mean = 8.2	std = 1.9	skewness = -0.026	kurtosis-3 = -0.13


# root 9430 endnodes 500
xz1 = [
1 0
2 0
3 0
4 0
5 8
6 11
7 31
8 29
9 86
10 104
11 95
12 78
13 32
14 17
15 6
16 3
];
# infPath 0
#                               
#           o.                  
#          @@@o                 
#          @@@@.                
# ......o@@@@@@@o..             
# mean = 10	std = 2	skewness = -0.13	kurtosis-3 = 0.16


# root 9283 endnodes 500
xz2 = [
1 0
2 0
3 6
4 24
5 59
6 84
7 92
8 100
9 59
10 55
11 17
12 4
];
# infPath 0
#                               
#         .                     
#       o@@                     
#      @@@@@@                   
# ....@@@@@@@o.                 
# mean = 7.3	std = 1.9	skewness = 0.058	kurtosis-3 = -0.58


# root 5355 endnodes 500
xz3 = [
1 0
2 0
3 2
4 3
5 13
6 21
7 45
8 84
9 113
10 89
11 61
12 48
13 10
14 10
15 1
];
# infPath 0
#                               
#          o                    
#         o@@                   
#        o@@@@o                 
# .....oo@@@@@@oo.              
# mean = 9.3	std = 2	skewness = -0.072	kurtosis-3 = 0.14


# root 9430 endnodes 500
xz4 = [
1 0
2 0
3 0
4 1
5 11
6 10
7 25
8 43
9 98
10 107
11 90
12 63
13 35
14 9
15 7
16 1
];
# infPath 0
#                               
#          .o                   
#          @@@.                 
#         o@@@@.                
# .....oo@@@@@@@...             
# mean = 10	std = 2	skewness = -0.15	kurtosis-3 = 0.26


# root 9286 endnodes 500
xz5 = [
1 0
2 1
3 0
4 1
5 0
6 7
7 4
8 18
9 45
10 82
11 102
12 108
13 65
14 38
15 19
16 7
17 3
];
# infPath 0
#                               
#            .o                 
#           o@@.                
#          o@@@@.               
# ........o@@@@@@o..            
# mean = 11	std = 2	skewness = -0.26	kurtosis-3 = 1.1


# root 6821 endnodes 500
xz6 = [
1 0
2 0
3 0
4 5
5 14
6 25
7 39
8 86
9 112
10 87
11 71
12 35
13 17
14 8
15 1
];
# infPath 0
#                               
#          o                    
#         @@@.                  
#        .@@@@.                 
# .....o@@@@@@@o..              
# mean = 9.3	std = 2	skewness = -0.055	kurtosis-3 = 0.0053


# root 4396 endnodes 500
xz7 = [
1 0
2 0
3 0
4 0
5 0
6 0
7 10
8 22
9 65
10 77
11 104
12 93
13 64
14 39
15 19
16 4
17 3
];
# infPath 0
#                               
#            o                  
#          .o@@.                
#          @@@@@.               
# .......o@@@@@@@o..            
# mean = 11	std = 1.9	skewness = 0.17	kurtosis-3 = -0.23
