# graph_n10000_pf_1_2147483647_id1531056240_ch.m
xz = [
1 9999
2 81328
3 282046
4 615781
5 1017201
6 1381507
7 1619048
8 1694416
9 1624938
10 1466308
11 1287204
12 1165291
13 1148286
14 1257696
15 1449476
16 1643605
17 1755313
18 1741838
19 1599804
20 1390275
21 1174824
22 1001771
23 901480
24 910992
25 1033753
26 1204436
27 1321230
28 1339985
29 1267458
30 1141397
31 988612
32 844950
33 736074
34 704098
35 761346
36 870391
37 979163
38 1066667
39 1107990
40 1094379
41 1026439
42 916489
43 792165
44 666478
45 540866
46 419659
47 312203
48 224040
49 154013
50 102680
51 66067
52 41418
53 24646
54 13858
55 6910
56 3061
57 1142
58 386
59 101
60 21
61 2
];
# infPath 0
#                               
# .....oooooooooooooooooo..oooo 
# mean = 23	std = 12	skewness = 0.29	kurtosis-3 = -1


# root 8608 endnodes 500
xz0 = [
1 0
2 2
3 10
4 8
5 7
6 5
7 11
8 14
9 32
10 14
11 25
12 10
13 8
14 2
15 2
16 2
17 6
18 4
19 8
20 6
21 7
22 4
23 0
24 0
25 1
26 3
27 1
28 16
29 23
30 22
31 27
32 10
33 13
34 4
35 3
36 3
37 3
38 9
39 26
40 28
41 26
42 26
43 20
44 16
45 5
46 8
47 9
48 5
49 4
50 1
51 0
52 0
53 1
];
# infPath 0
#                               
#          .                    
# ...o...oo@o@o...............o 
# mean = 27	std = 14	skewness = -0.3	kurtosis-3 = -1.4


# root 5304 endnodes 500
xz1 = [
1 0
2 0
3 0
4 0
5 0
6 1
7 3
8 18
9 14
10 24
11 17
12 15
13 13
14 14
15 13
16 8
17 10
18 10
19 11
20 9
21 4
22 1
23 1
24 0
25 1
26 3
27 5
28 6
29 25
30 32
31 23
32 14
33 6
34 5
35 7
36 3
37 5
38 12
39 15
40 28
41 30
42 14
43 23
44 22
45 7
46 7
47 9
48 6
49 4
50 0
51 1
52 1
];
# infPath 0
#                               
# ........oo@ooooo.ooo......... 
# mean = 28	std = 13	skewness = -0.2	kurtosis-3 = -1.4


# root 8308 endnodes 500
xz2 = [
1 0
2 0
3 1
4 0
5 10
6 18
7 33
8 28
9 23
10 23
11 21
12 7
13 9
14 8
15 10
16 16
17 19
18 20
19 24
20 16
21 15
22 4
23 3
24 5
25 4
26 12
27 13
28 16
29 7
30 4
31 1
32 4
33 1
34 0
35 0
36 5
37 9
38 14
39 17
40 20
41 16
42 14
43 10
44 8
45 1
46 9
47 1
48 1
];
# infPath 0
#                               
#        .                      
# .....oo@@@@o...oooo@oo....ooo 
# mean = 22	std = 13	skewness = 0.47	kurtosis-3 = -1.2


# root 8371 endnodes 500
xz3 = [
1 0
2 0
3 0
4 1
5 0
6 8
7 11
8 25
9 23
10 36
11 33
12 32
13 12
14 4
15 3
16 3
17 2
18 6
19 8
20 19
21 23
22 30
23 18
24 9
25 7
26 2
27 5
28 2
29 7
30 7
31 13
32 6
33 2
34 5
35 2
36 1
37 1
38 0
39 6
40 21
41 17
42 19
43 18
44 15
45 14
46 9
47 7
48 2
49 4
50 1
51 1
];
# infPath 0
#                               
#           ...                 
# .......o@@@@@o......o@@o..... 
# mean = 24	std = 13	skewness = 0.39	kurtosis-3 = -1.3


# root 2728 endnodes 500
xz4 = [
1 0
2 0
3 1
4 2
5 0
6 4
7 10
8 8
9 9
10 5
11 0
12 5
13 0
14 3
15 8
16 29
17 43
18 60
19 34
20 28
21 18
22 22
23 15
24 12
25 22
26 28
27 27
28 28
29 21
30 20
31 13
32 6
33 8
34 6
35 1
36 3
37 1
];
# infPath 0
#                               
#                  o@.          
# .......o........@@@@@o@oo@@@@ 
# mean = 21	std = 6.6	skewness = -0.22	kurtosis-3 = -0.24


# root 4108 endnodes 500
xz5 = [
1 0
2 1
3 6
4 15
5 23
6 23
7 23
8 21
9 20
10 13
11 11
12 4
13 13
14 12
15 18
16 6
17 4
18 1
19 0
20 0
21 1
22 2
23 3
24 11
25 17
26 26
27 24
28 11
29 5
30 3
31 6
32 1
33 4
34 9
35 20
36 25
37 24
38 28
39 20
40 8
41 13
42 10
43 5
44 3
45 5
46 1
47 1
];
# infPath 0
#                               
# ....o@@@oooo.ooo........oo@@o 
# mean = 23	std = 13	skewness = -0.043	kurtosis-3 = -1.5


# root 7483 endnodes 500
xz6 = [
1 0
2 0
3 0
4 0
5 0
6 1
7 1
8 9
9 17
10 22
11 25
12 31
13 26
14 20
15 9
16 12
17 5
18 9
19 14
20 25
21 25
22 20
23 18
24 10
25 0
26 4
27 5
28 3
29 9
30 8
31 6
32 7
33 3
34 4
35 2
36 1
37 0
38 0
39 6
40 20
41 14
42 25
43 19
44 14
45 13
46 9
47 15
48 5
49 5
50 2
51 2
];
# infPath 0
#                               
# .........o@@@@o.o..o@@ooo.... 
# mean = 25	std = 13	skewness = 0.4	kurtosis-3 = -1.3


# root 6767 endnodes 500
xz7 = [
1 0
2 0
3 6
4 16
5 19
6 35
7 29
8 29
9 16
10 11
11 7
12 3
13 9
14 6
15 8
16 23
17 32
18 25
19 14
20 14
21 2
22 3
23 6
24 3
25 9
26 14
27 11
28 4
29 7
30 3
31 2
32 1
33 1
34 0
35 3
36 16
37 29
38 22
39 14
40 10
41 12
42 9
43 6
44 1
45 7
46 3
];
# infPath 0
#                               
#       .          .            
# ....oo@@@oo.....@@@oo.....oo. 
# mean = 21	std = 13	skewness = 0.4	kurtosis-3 = -1.2
