# graph_n10000_ba_8_2147483647_id1531070504_ch.m
xz = [
1 79964
2 2809654
3 32295357
4 14806029
5 3996
];
# infPath 0
#                               
#    o                          
#    @                          
#    @                          
#    @                          
#    @                          
#    @                          
#    @@                         
#    @@                         
#    @@                         
#    @@                         
# ..@@@.                        
# mean = 3.2	std = 0.55	skewness = -0.0049	kurtosis-3 = -0.0054


# root 7785 endnodes 500
xz0 = [
1 2
2 5
3 174
4 318
5 1
];
# infPath 0
#                               
#     .                         
#     @                         
#     @                         
#     @                         
#     @                         
#    o@                         
#    @@                         
#    @@                         
#    @@                         
#    @@                         
# ...@@.                        
# mean = 3.6	std = 0.53	skewness = -1.1	kurtosis-3 = 1.1


# root 7414 endnodes 500
xz1 = [
1 0
2 9
3 198
4 293
];
# infPath 0
#                               
#     o                         
#     @                         
#     @                         
#    o@                         
#    @@                         
#    @@                         
#    @@                         
#    @@                         
#    @@                         
# ...@@                         
# mean = 3.6	std = 0.53	skewness = -0.63	kurtosis-3 = -0.86


# root 8028 endnodes 500
xz2 = [
1 0
2 12
3 300
4 188
];
# infPath 0
#                               
#    o                          
#    @                          
#    @                          
#    @.                         
#    @@                         
#    @@                         
#    @@                         
#    @@                         
#    @@                         
# ..o@@                         
# mean = 3.4	std = 0.53	skewness = 0.12	kurtosis-3 = -0.97


# root 4749 endnodes 500
xz3 = [
1 0
2 1
3 229
4 270
];
# infPath 0
#                               
#     o                         
#    o@                         
#    @@                         
#    @@                         
#    @@                         
#    @@                         
#    @@                         
#    @@                         
# ...@@                         
# mean = 3.5	std = 0.5	skewness = -0.2	kurtosis-3 = -1.8


# root 4661 endnodes 500
xz4 = [
1 0
2 26
3 371
4 103
];
# infPath 0
#                               
#    @                          
#    @                          
#    @                          
#    @                          
#    @                          
#    @                          
#    @                          
#    @                          
#    @.                         
#    @@                         
#    @@                         
# ..@@@                         
# mean = 3.2	std = 0.48	skewness = 0.37	kurtosis-3 = 0.6


# root 9056 endnodes 500
xz5 = [
1 1
2 27
3 364
4 108
];
# infPath 0
#                               
#    o                          
#    @                          
#    @                          
#    @                          
#    @                          
#    @                          
#    @                          
#    @                          
#    @o                         
#    @@                         
#    @@                         
# ..@@@                         
# mean = 3.2	std = 0.5	skewness = 0.17	kurtosis-3 = 0.88


# root 9868 endnodes 500
xz6 = [
1 0
2 34
3 360
4 106
];
# infPath 0
#                               
#    o                          
#    @                          
#    @                          
#    @                          
#    @                          
#    @                          
#    @                          
#    @                          
#    @o                         
#    @@                         
#   .@@                         
# ..@@@                         
# mean = 3.1	std = 0.51	skewness = 0.22	kurtosis-3 = 0.42


# root 5850 endnodes 500
xz7 = [
1 0
2 2
3 163
4 333
5 2
];
# infPath 0
#                               
#     o                         
#     @                         
#     @                         
#     @                         
#     @                         
#    .@                         
#    @@                         
#    @@                         
#    @@                         
#    @@                         
# ...@@.                        
# mean = 3.7	std = 0.49	skewness = -0.72	kurtosis-3 = -0.92
