# graph_n10000_pfk_1_2147483647_id1531086809_ch.m
xz = [
1 9999
2 70198
3 288742
4 832266
5 1829927
6 3256983
7 4767453
8 5942229
9 6426312
10 6179177
11 5388899
12 4347393
13 3321447
14 2452648
15 1770559
16 1231148
17 814070
18 497272
19 282175
20 148443
21 74297
22 35939
23 16836
24 7165
25 2591
26 693
27 132
28 7
];
# infPath 0
#                               
#          .                    
#       .o@@@@o.                
# .....o@@@@@@@@@oo............ 
# mean = 10	std = 3.3	skewness = 0.5	kurtosis-3 = 0.24


# root 3928 endnodes 500
xz0 = [
1 1
2 0
3 0
4 0
5 0
6 4
7 7
8 12
9 47
10 78
11 78
12 80
13 73
14 49
15 28
16 18
17 11
18 6
19 7
20 0
21 1
];
# infPath 0
#                               
#           oooo                
#          o@@@@o               
# ........o@@@@@@@oo....        
# mean = 12	std = 2.5	skewness = 0.34	kurtosis-3 = 0.89


# root 910 endnodes 500
xz1 = [
1 0
2 2
3 4
4 21
5 51
6 71
7 77
8 77
9 60
10 49
11 31
12 20
13 12
14 12
15 9
16 2
17 2
];
# infPath 0
#                               
#       .oo                     
#      o@@@@o                   
# ....o@@@@@@@ooo...            
# mean = 8.1	std = 2.7	skewness = 0.65	kurtosis-3 = 0.25


# root 6925 endnodes 500
xz2 = [
1 0
2 3
3 5
4 12
5 26
6 48
7 77
8 87
9 79
10 52
11 49
12 24
13 20
14 8
15 5
16 3
17 0
18 2
];
# infPath 0
#                               
#        o@o                    
#       o@@@oo                  
# ....o@@@@@@@@o.....           
# mean = 8.6	std = 2.6	skewness = 0.41	kurtosis-3 = 0.49


# root 5528 endnodes 500
xz3 = [
1 0
2 0
3 0
4 0
5 0
6 0
7 6
8 3
9 9
10 21
11 51
12 71
13 83
14 78
15 62
16 51
17 31
18 13
19 6
20 5
21 5
22 5
];
# infPath 0
#                               
#             .oo               
#            o@@@@o             
# ..........o@@@@@@@o....       
# mean = 14	std = 2.6	skewness = 0.4	kurtosis-3 = 0.7


# root 6527 endnodes 500
xz4 = [
1 0
2 1
3 0
4 1
5 3
6 20
7 42
8 91
9 82
10 92
11 58
12 46
13 23
14 19
15 9
16 8
17 3
18 0
19 2
];
# infPath 0
#                               
#         @o@                   
#        o@@@@o                 
# ......o@@@@@@@o.....          
# mean = 9.9	std = 2.4	skewness = 0.65	kurtosis-3 = 0.8


# root 9503 endnodes 500
xz5 = [
1 0
2 0
3 1
4 0
5 1
6 0
7 2
8 3
9 8
10 15
11 18
12 43
13 64
14 104
15 90
16 67
17 40
18 23
19 8
20 5
21 7
22 0
23 1
];
# infPath 0
#                               
#               o               
#              .@@.             
#             o@@@@.            
# ..........oo@@@@@@@.....      
# mean = 14	std = 2.5	skewness = -0.23	kurtosis-3 = 1.6


# root 1195 endnodes 500
xz6 = [
1 0
2 3
3 17
4 31
5 69
6 87
7 90
8 83
9 53
10 20
11 20
12 11
13 7
14 6
15 2
16 1
];
# infPath 0
#                               
#      .@@o                     
#      @@@@o                    
# ...o@@@@@@ooo....             
# mean = 7.2	std = 2.4	skewness = 0.68	kurtosis-3 = 0.74


# root 9229 endnodes 500
xz7 = [
1 0
2 1
3 0
4 1
5 1
6 5
7 21
8 35
9 82
10 97
11 94
12 77
13 42
14 28
15 9
16 4
17 3
];
# infPath 0
#                               
#           ..                  
#          o@@o                 
#         .@@@@o                
# .......o@@@@@@@...            
# mean = 11	std = 2.1	skewness = 0.058	kurtosis-3 = 0.59
