# graph_n10000_ba_1_32_id1531054775_ch.m
xz = [
1 9999
2 47410
3 153341
4 477741
5 1329668
6 2934022
7 4980305
8 6752212
9 7662515
10 7454158
11 6344271
12 4784810
13 3218110
14 1942778
15 1050818
16 509073
17 220242
18 84524
19 28499
20 8168
21 1932
22 358
23 44
24 2
];
# infPath 0
#                               
#         .oo.                  
#        o@@@@o.                
# .....o@@@@@@@@oo.........     
# mean = 9.7	std = 2.6	skewness = 0.24	kurtosis-3 = 0.033


# root 9513 endnodes 500
xz0 = [
1 0
2 0
3 0
4 4
5 3
6 2
7 11
8 16
9 32
10 82
11 89
12 90
13 69
14 52
15 29
16 12
17 6
18 3
];
# infPath 0
#                               
#           o@@.                
#          .@@@@o               
# .......oo@@@@@@@o..           
# mean = 12	std = 2.3	skewness = -0.21	kurtosis-3 = 0.68


# root 5972 endnodes 500
xz1 = [
1 0
2 0
3 2
4 5
5 6
6 15
7 42
8 83
9 106
10 91
11 66
12 47
13 24
14 9
15 4
];
# infPath 0
#                               
#          o                    
#         o@@.                  
#        o@@@@o                 
# ......o@@@@@@@..              
# mean = 9.5	std = 2	skewness = -0.026	kurtosis-3 = 0.23


# root 8898 endnodes 500
xz2 = [
1 0
2 0
3 0
4 0
5 0
6 3
7 15
8 15
9 45
10 79
11 97
12 89
13 58
14 60
15 24
16 7
17 4
18 3
19 1
];
# infPath 0
#                               
#            .                  
#           o@@                 
#          o@@@@@               
# .......oo@@@@@@@....          
# mean = 12	std = 2.2	skewness = 0.16	kurtosis-3 = 0.16


# root 8063 endnodes 500
xz3 = [
1 0
2 0
3 1
4 9
5 34
6 95
7 112
8 98
9 83
10 41
11 15
12 8
13 4
];
# infPath 0
#                               
#       .o.                     
#       @@@o                    
#      .@@@@o                   
# .....@@@@@@o..                
# mean = 7.6	std = 1.7	skewness = 0.39	kurtosis-3 = 0.077


# root 3891 endnodes 500
xz4 = [
1 0
2 0
3 0
4 0
5 0
6 1
7 6
8 6
9 30
10 51
11 84
12 108
13 91
14 57
15 46
16 12
17 5
18 1
19 1
20 1
];
# infPath 0
#                               
#             o                 
#            o@@                
#           o@@@@o              
# .........@@@@@@@o....         
# mean = 12	std = 2	skewness = 0.092	kurtosis-3 = 0.4


# root 3097 endnodes 500
xz5 = [
1 0
2 0
3 2
4 19
5 71
6 113
7 115
8 78
9 51
10 33
11 13
12 4
13 1
];
# infPath 0
#                               
#       oo                      
#      .@@o                     
#      @@@@o.                   
# ....o@@@@@@o..                
# mean = 7.1	std = 1.7	skewness = 0.48	kurtosis-3 = -0.077


# root 9609 endnodes 500
xz6 = [
1 0
2 0
3 0
4 1
5 1
6 1
7 0
8 19
9 64
10 104
11 111
12 98
13 47
14 30
15 17
16 5
17 2
];
# infPath 0
#                               
#           oo.                 
#          .@@@                 
#          @@@@o                
# ........o@@@@@@o..            
# mean = 11	std = 1.8	skewness = 0.27	kurtosis-3 = 0.56


# root 4519 endnodes 500
xz7 = [
1 0
2 0
3 0
4 14
5 53
6 88
7 113
8 92
9 73
10 32
11 19
12 12
13 2
14 2
];
# infPath 0
#                               
#        o                      
#       @@@o                    
#      o@@@@.                   
# ....o@@@@@@oo..               
# mean = 7.5	std = 1.9	skewness = 0.52	kurtosis-3 = 0.18
