# graph_n10000_ba_4_2147483647_id1531054165_ch.m
xz = [
1 39990
2 849357
3 10711538
4 30933198
5 7443688
6 17229
];
# infPath 0
#                               
#     @                         
#     @                         
#     @                         
#     @                         
#     @                         
#     @                         
#    o@                         
#    @@o                        
#    @@@                        
# ...@@@.                       
# mean = 3.9	std = 0.66	skewness = -0.32	kurtosis-3 = 0.49


# root 514 endnodes 500
xz0 = [
1 0
2 17
3 136
4 338
5 9
];
# infPath 0
#                               
#     @                         
#     @                         
#     @                         
#     @                         
#     @                         
#     @                         
#    o@                         
#    @@                         
#    @@                         
#    @@                         
# ..o@@.                        
# mean = 3.7	std = 0.57	skewness = -0.99	kurtosis-3 = 0.73


# root 9016 endnodes 500
xz1 = [
1 0
2 6
3 116
4 346
5 32
];
# infPath 0
#                               
#     .                         
#     @                         
#     @                         
#     @                         
#     @                         
#     @                         
#     @                         
#     @                         
#    @@                         
#    @@                         
#    @@.                        
# ...@@@                        
# mean = 3.8	std = 0.55	skewness = -0.47	kurtosis-3 = 0.77


# root 7274 endnodes 500
xz2 = [
1 0
2 0
3 18
4 233
5 247
6 2
];
# infPath 0
#                               
#     o@                        
#     @@                        
#     @@                        
#     @@                        
#     @@                        
#     @@                        
#     @@                        
# ...o@@.                       
# mean = 4.5	std = 0.57	skewness = -0.37	kurtosis-3 = -0.69


# root 8020 endnodes 500
xz3 = [
1 0
2 9
3 115
4 344
5 32
];
# infPath 0
#                               
#     .                         
#     @                         
#     @                         
#     @                         
#     @                         
#     @                         
#     @                         
#     @                         
#    o@                         
#    @@                         
#    @@.                        
# ...@@@                        
# mean = 3.8	std = 0.57	skewness = -0.56	kurtosis-3 = 0.92


# root 9162 endnodes 500
xz4 = [
1 0
2 2
3 40
4 290
5 168
];
# infPath 0
#                               
#     .                         
#     @                         
#     @                         
#     @                         
#     @o                        
#     @@                        
#     @@                        
#     @@                        
#    .@@                        
# ...@@@                        
# mean = 4.2	std = 0.61	skewness = -0.3	kurtosis-3 = -0.055


# root 8791 endnodes 500
xz5 = [
1 0
2 4
3 136
4 339
5 21
];
# infPath 0
#                               
#     @                         
#     @                         
#     @                         
#     @                         
#     @                         
#     @                         
#    o@                         
#    @@                         
#    @@                         
#    @@                         
# ...@@o                        
# mean = 3.8	std = 0.53	skewness = -0.45	kurtosis-3 = 0.27


# root 9606 endnodes 500
xz6 = [
1 0
2 3
3 56
4 324
5 117
];
# infPath 0
#                               
#     o                         
#     @                         
#     @                         
#     @                         
#     @                         
#     @                         
#     @                         
#     @@                        
#     @@                        
#    @@@                        
# ...@@@                        
# mean = 4.1	std = 0.6	skewness = -0.21	kurtosis-3 = 0.39


# root 4289 endnodes 500
xz7 = [
1 0
2 5
3 94
4 346
5 55
];
# infPath 0
#                               
#     .                         
#     @                         
#     @                         
#     @                         
#     @                         
#     @                         
#     @                         
#     @                         
#    .@                         
#    @@                         
#    @@@                        
# ...@@@                        
# mean = 3.9	std = 0.57	skewness = -0.32	kurtosis-3 = 0.84
