# graph_n10000_ba_2_2147483647_id1531052192_ch.m
xz = [
1 19997
2 268068
3 2315711
4 10913882
5 21191106
6 13300864
7 1943930
8 41359
9 83
];
# infPath 0
#                               
#      @                        
#      @                        
#      @.                       
#     o@@                       
#     @@@                       
#     @@@                       
# ...@@@@o..                    
# mean = 5	std = 0.94	skewness = -0.25	kurtosis-3 = 0.13


# root 7083 endnodes 500
xz0 = [
1 0
2 0
3 3
4 51
5 221
6 209
7 16
];
# infPath 0
#                               
#      .                        
#      @o                       
#      @@                       
#      @@                       
#      @@                       
#      @@                       
#     o@@                       
# ....@@@o                      
# mean = 5.4	std = 0.73	skewness = -0.3	kurtosis-3 = -0.068


# root 4108 endnodes 500
xz1 = [
1 1
2 1
3 23
4 145
5 257
6 73
];
# infPath 0
#                               
#      .                        
#      @                        
#      @                        
#      @                        
#     o@                        
#     @@                        
#     @@o                       
#     @@@                       
# ...@@@@                       
# mean = 4.8	std = 0.78	skewness = -0.47	kurtosis-3 = 0.76


# root 4319 endnodes 500
xz2 = [
1 0
2 11
3 67
4 247
5 166
6 9
];
# infPath 0
#                               
#     @                         
#     @                         
#     @o                        
#     @@                        
#     @@                        
#    .@@                        
#    @@@                        
# ..o@@@.                       
# mean = 4.2	std = 0.77	skewness = -0.39	kurtosis-3 = 0.18


# root 9749 endnodes 500
xz3 = [
1 0
2 14
3 101
4 239
5 139
6 7
];
# infPath 0
#                               
#     o                         
#     @                         
#     @                         
#     @o                        
#    .@@                        
#    @@@                        
#    @@@                        
# ..o@@@.                       
# mean = 4	std = 0.8	skewness = -0.25	kurtosis-3 = -0.21


# root 3426 endnodes 500
xz4 = [
1 0
2 0
3 3
4 30
5 201
6 236
7 29
8 1
];
# infPath 0
#                               
#       o                       
#      o@                       
#      @@                       
#      @@                       
#      @@                       
#      @@                       
#      @@                       
# ....@@@@.                     
# mean = 5.5	std = 0.73	skewness = -0.24	kurtosis-3 = 0.4


# root 8065 endnodes 500
xz5 = [
1 0
2 0
3 3
4 37
5 163
6 255
7 42
];
# infPath 0
#                               
#       .                       
#       @                       
#       @                       
#      .@                       
#      @@                       
#      @@                       
#      @@                       
#     .@@o                      
# ....@@@@                      
# mean = 5.6	std = 0.77	skewness = -0.44	kurtosis-3 = 0.2


# root 1916 endnodes 500
xz6 = [
1 0
2 0
3 11
4 120
5 239
6 126
7 4
];
# infPath 0
#                               
#      o                        
#      @                        
#      @                        
#      @.                       
#     @@@                       
#     @@@                       
#     @@@                       
# ...o@@@.                      
# mean = 5	std = 0.78	skewness = -0.15	kurtosis-3 = -0.43


# root 9461 endnodes 500
xz7 = [
1 0
2 5
3 60
4 227
5 193
6 15
];
# infPath 0
#                               
#     .                         
#     @.                        
#     @@                        
#     @@                        
#     @@                        
#     @@                        
#    @@@                        
# ...@@@o                       
# mean = 4.3	std = 0.76	skewness = -0.29	kurtosis-3 = -0.043
