# graph_n100000_pfk_1_2147483647_id1531087143_ch.m
xz = [
1 99999
2 1137869
3 5828987
4 19642077
5 50400773
6 105465572
7 187775891
8 292262707
9 404314202
10 501910894
11 562591904
12 572084913
13 530114510
14 449671463
15 351123128
16 254364327
17 173114977
18 113210043
19 73739065
20 50127720
21 37122875
22 30282377
23 26737943
24 25053178
25 24623221
26 24968361
27 25370588
28 24830508
29 22661203
30 18928288
31 14367296
32 9903382
33 6232059
34 3614212
35 1982073
36 1102687
37 696916
38 542010
39 482119
40 434071
41 364732
42 279275
43 189726
44 111130
45 55553
46 22956
47 7746
48 2047
49 395
50 49
51 3
];
# infPath 0
#                               
#          .o@@oo.              
# ......oo@@@@@@@@@oo.......... 
# mean = 7.7	std = 7	skewness = 1.9	kurtosis-3 = 1.6


# root 96570 endnodes 500
xz0 = [
1 0
2 0
3 0
4 0
5 0
6 1
7 0
8 2
9 2
10 2
11 0
12 0
13 0
14 0
15 1
16 0
17 0
18 0
19 0
20 2
21 4
22 5
23 20
24 33
25 77
26 79
27 78
28 77
29 39
30 35
31 21
32 10
33 5
34 2
35 1
36 1
37 0
38 0
39 1
40 1
41 1
];
# infPath 0
#                               
#                          oooo 
#                         .@@@@ 
# .......................o@@@@@ 
# mean = 27	std = 3.5	skewness = -1.6	kurtosis-3 = 11


# root 37327 endnodes 500
xz1 = [
1 0
2 0
3 0
4 1
5 0
6 2
7 2
8 7
9 19
10 30
11 57
12 67
13 75
14 70
15 58
16 37
17 27
18 16
19 6
20 3
21 2
22 1
23 2
24 3
25 1
26 1
27 3
28 2
29 1
30 2
31 3
32 1
33 1
];
# infPath 0
#                               
#             .o.               
#            @@@@@.             
# .........o@@@@@@@@o.......... 
# mean = 14	std = 3.9	skewness = 1.9	kurtosis-3 = 6.2


# root 42645 endnodes 500
xz2 = [
1 0
2 0
3 2
4 2
5 3
6 14
7 31
8 50
9 64
10 79
11 74
12 73
13 40
14 22
15 12
16 7
17 4
18 2
19 1
20 0
21 2
22 1
23 2
24 4
25 0
26 3
27 2
28 6
];
# infPath 0
#                               
#          .ooo                 
#         o@@@@.                
# ......o@@@@@@@@o............. 
# mean = 11	std = 3.8	skewness = 2.1	kurtosis-3 = 6.6


# root 42711 endnodes 500
xz3 = [
1 0
2 0
3 0
4 2
5 10
6 22
7 35
8 53
9 68
10 86
11 77
12 56
13 37
14 29
15 6
16 6
17 1
18 2
19 2
20 0
21 0
22 1
23 3
24 0
25 1
26 0
27 2
28 1
];
# infPath 0
#                               
#          .@o                  
#        .o@@@@.                
# .....o@@@@@@@@@.............. 
# mean = 10	std = 3.1	skewness = 1.7	kurtosis-3 = 6.8


# root 85888 endnodes 500
xz4 = [
1 0
2 0
3 1
4 3
5 4
6 12
7 21
8 28
9 55
10 53
11 75
12 72
13 67
14 43
15 20
16 19
17 6
18 2
19 1
20 0
21 1
22 4
23 2
24 4
25 1
26 2
27 2
28 1
29 0
30 1
];
# infPath 0
#                               
#            oo.                
#          @o@@@o               
# ......oo@@@@@@@oo............ 
# mean = 12	std = 3.6	skewness = 1.5	kurtosis-3 = 4.7


# root 67023 endnodes 500
xz5 = [
1 0
2 0
3 0
4 0
5 0
6 1
7 0
8 6
9 17
10 33
11 28
12 33
13 53
14 67
15 83
16 52
17 46
18 33
19 20
20 7
21 3
22 7
23 2
24 1
25 1
26 0
27 0
28 0
29 1
30 2
31 1
32 0
33 1
34 2
];
# infPath 0
#                               
#               .o              
#           . .o@@oo.           
# .........o@@@@@@@@@o......... 
# mean = 15	std = 3.6	skewness = 1.4	kurtosis-3 = 5.6


# root 27383 endnodes 500
xz6 = [
1 0
2 0
3 0
4 0
5 0
6 0
7 0
8 2
9 17
10 19
11 35
12 48
13 63
14 79
15 85
16 55
17 42
18 26
19 8
20 2
21 2
22 0
23 2
24 3
25 1
26 1
27 0
28 3
29 0
30 1
31 1
32 3
33 1
34 1
];
# infPath 0
#                               
#              .o@              
#            .o@@@@o            
# .........oo@@@@@@@@.......... 
# mean = 15	std = 3.5	skewness = 2.1	kurtosis-3 = 8.1


# root 24028 endnodes 500
xz7 = [
1 0
2 1
3 0
4 2
5 1
6 10
7 22
8 31
9 48
10 49
11 65
12 86
13 65
14 56
15 30
16 16
17 7
18 4
19 1
20 0
21 1
22 1
23 0
24 0
25 0
26 0
27 0
28 1
29 0
30 1
31 1
32 1
];
# infPath 0
#                               
#            .@.                
#          oo@@@@               
# ......o@@@@@@@@@o............ 
# mean = 12	std = 3.2	skewness = 1.5	kurtosis-3 = 8.4
