# graph_n10000_pf_1_2147483647_id1531057179_ch.m
xz = [
1 9999
2 67981
3 217920
4 469296
5 774048
6 1056692
7 1260437
8 1363420
9 1389884
10 1376952
11 1347307
12 1348772
13 1438601
14 1629421
15 1863413
16 2069565
17 2187249
18 2202452
19 2149881
20 2064892
21 1975871
22 1894490
23 1809639
24 1713533
25 1618156
26 1532278
27 1470367
28 1421927
29 1378396
30 1334106
31 1268324
32 1154803
33 1006992
34 854313
35 714304
36 591216
37 482064
38 386457
39 306452
40 243415
41 187884
42 135558
43 90566
44 57924
45 36024
46 20923
47 11012
48 5353
49 2848
50 1233
51 333
52 53
53 4
];
# infPath 0
#                               
# ......oooooooooooo@oooooooooo 
# mean = 20	std = 9	skewness = 0.21	kurtosis-3 = -0.63


# root 9440 endnodes 500
xz0 = [
1 0
2 0
3 0
4 0
5 1
6 1
7 0
8 4
9 4
10 3
11 1
12 3
13 0
14 3
15 6
16 14
17 10
18 13
19 10
20 25
21 21
22 34
23 15
24 28
25 15
26 11
27 9
28 4
29 8
30 8
31 17
32 26
33 32
34 25
35 27
36 15
37 8
38 1
39 3
40 5
41 17
42 22
43 18
44 14
45 9
46 6
47 2
48 2
];
# infPath 0
#                               
#                       .       
# ................oooo@o@o@oo.. 
# mean = 29	std = 9.4	skewness = -0.027	kurtosis-3 = -0.84


# root 3792 endnodes 500
xz1 = [
1 0
2 0
3 3
4 18
5 29
6 22
7 10
8 9
9 4
10 2
11 0
12 2
13 8
14 16
15 23
16 21
17 9
18 10
19 2
20 1
21 0
22 9
23 20
24 20
25 16
26 21
27 18
28 21
29 26
30 32
31 19
32 21
33 24
34 12
35 11
36 12
37 7
38 6
39 4
40 4
41 7
42 0
43 0
44 0
45 1
];
# infPath 0
#                               
# ....o@@o......o@o.o....oooooo 
# mean = 23	std = 11	skewness = -0.37	kurtosis-3 = -1


# root 2066 endnodes 500
xz2 = [
1 0
2 0
3 0
4 0
5 1
6 6
7 10
8 25
9 21
10 23
11 16
12 5
13 4
14 5
15 6
16 17
17 27
18 30
19 26
20 39
21 34
22 27
23 26
24 30
25 20
26 19
27 19
28 12
29 14
30 14
31 8
32 2
33 4
34 3
35 5
36 1
37 0
38 1
];
# infPath 0
#                               
#                     ..        
# .......o@o@o....o@@@@@@@@oooo 
# mean = 20	std = 7	skewness = -0.13	kurtosis-3 = -0.64


# root 6173 endnodes 500
xz3 = [
1 0
2 1
3 2
4 0
5 1
6 4
7 7
8 5
9 12
10 19
11 24
12 36
13 29
14 25
15 17
16 10
17 17
18 14
19 20
20 13
21 20
22 31
23 35
24 22
25 31
26 16
27 8
28 3
29 1
30 4
31 11
32 19
33 14
34 9
35 8
36 6
37 3
38 3
];
# infPath 0
#                               
#             .          .      
# .........oo@@@@ooooooo@@@@o.. 
# mean = 20	std = 7.9	skewness = 0.29	kurtosis-3 = -0.75


# root 7760 endnodes 500
xz4 = [
1 0
2 0
3 1
4 0
5 1
6 0
7 4
8 3
9 11
10 5
11 3
12 7
13 1
14 2
15 9
16 17
17 25
18 19
19 16
20 19
21 23
22 20
23 22
24 24
25 22
26 12
27 22
28 22
29 27
30 21
31 18
32 12
33 7
34 6
35 7
36 11
37 20
38 21
39 11
40 14
41 8
42 6
43 1
];
# infPath 0
#                               
# .........o......o@ooo@o@@@o@@ 
# mean = 26	std = 8.6	skewness = -0.035	kurtosis-3 = -0.65


# root 4181 endnodes 500
xz5 = [
1 0
2 0
3 0
4 4
5 15
6 21
7 20
8 9
9 10
10 10
11 2
12 0
13 1
14 14
15 22
16 25
17 11
18 11
19 12
20 0
21 2
22 1
23 10
24 14
25 23
26 15
27 25
28 24
29 17
30 30
31 36
32 20
33 18
34 13
35 20
36 7
37 11
38 9
39 6
40 1
41 5
42 5
43 1
];
# infPath 0
#                               
# .....ooo.oo...o@@ooo...oo@o@@ 
# mean = 24	std = 10	skewness = -0.37	kurtosis-3 = -1


# root 1179 endnodes 500
xz6 = [
1 0
2 0
3 1
4 5
5 0
6 11
7 17
8 19
9 14
10 16
11 8
12 1
13 3
14 3
15 3
16 18
17 27
18 43
19 36
20 35
21 29
22 23
23 31
24 38
25 27
26 12
27 18
28 13
29 9
30 10
31 7
32 6
33 4
34 7
35 4
36 0
37 0
38 2
];
# infPath 0
#                               
#                   o..   .     
# ......ooooo.....o@@@@@@@@@ooo 
# mean = 20	std = 7.1	skewness = -0.25	kurtosis-3 = -0.31


# root 279 endnodes 500
xz7 = [
1 0
2 0
3 0
4 6
5 9
6 20
7 16
8 25
9 15
10 4
11 1
12 3
13 5
14 14
15 21
16 37
17 28
18 37
19 25
20 28
21 29
22 25
23 27
24 15
25 23
26 19
27 15
28 17
29 11
30 9
31 8
32 6
33 2
];
# infPath 0
#                               
#                 . .           
# ......oo@o....oo@@@@@@@@o@ooo 
# mean = 19	std = 7.1	skewness = -0.26	kurtosis-3 = -0.69
