# graph_n10000_ba_4_2147483647_id1531077610_ch.m
xz = [
1 39990
2 870735
3 10998863
4 30683061
5 7381571
6 20780
];
# infPath 0
#                               
#     @                         
#     @                         
#     @                         
#     @                         
#     @                         
#     @                         
#    o@                         
#    @@o                        
#    @@@                        
# ...@@@.                       
# mean = 3.9	std = 0.66	skewness = -0.3	kurtosis-3 = 0.44


# root 3130 endnodes 500
xz0 = [
1 0
2 2
3 42
4 315
5 141
];
# infPath 0
#                               
#     .                         
#     @                         
#     @                         
#     @                         
#     @                         
#     @                         
#     @o                        
#     @@                        
#     @@                        
#    o@@                        
# ...@@@                        
# mean = 4.2	std = 0.59	skewness = -0.19	kurtosis-3 = 0.19


# root 5029 endnodes 500
xz1 = [
1 0
2 8
3 91
4 344
5 57
];
# infPath 0
#                               
#     .                         
#     @                         
#     @                         
#     @                         
#     @                         
#     @                         
#     @                         
#     @                         
#     @                         
#    @@                         
#    @@@                        
# ...@@@                        
# mean = 3.9	std = 0.59	skewness = -0.43	kurtosis-3 = 1


# root 8319 endnodes 500
xz2 = [
1 0
2 4
3 72
4 358
5 66
];
# infPath 0
#                               
#     o                         
#     @                         
#     @                         
#     @                         
#     @                         
#     @                         
#     @                         
#     @                         
#     @                         
#    o@.                        
#    @@@                        
# ...@@@                        
# mean = 4	std = 0.55	skewness = -0.29	kurtosis-3 = 1.2


# root 6395 endnodes 500
xz3 = [
1 0
2 4
3 37
4 347
5 112
];
# infPath 0
#                               
#     .                         
#     @                         
#     @                         
#     @                         
#     @                         
#     @                         
#     @                         
#     @                         
#     @o                        
#     @@                        
#    .@@                        
# ...@@@                        
# mean = 4.1	std = 0.56	skewness = -0.24	kurtosis-3 = 1.2


# root 8093 endnodes 500
xz4 = [
1 0
2 1
3 23
4 226
5 249
6 1
];
# infPath 0
#                               
#     .@                        
#     @@                        
#     @@                        
#     @@                        
#     @@                        
#     @@                        
#     @@                        
# ...@@@.                       
# mean = 4.5	std = 0.6	skewness = -0.58	kurtosis-3 = -0.23


# root 6498 endnodes 500
xz5 = [
1 0
2 9
3 89
4 374
5 28
];
# infPath 0
#                               
#     @                         
#     @                         
#     @                         
#     @                         
#     @                         
#     @                         
#     @                         
#     @                         
#     @                         
#    @@                         
#    @@                         
# ...@@@                        
# mean = 3.8	std = 0.53	skewness = -0.86	kurtosis-3 = 2


# root 4922 endnodes 500
xz6 = [
1 1
2 3
3 58
4 366
5 72
];
# infPath 0
#                               
#     @                         
#     @                         
#     @                         
#     @                         
#     @                         
#     @                         
#     @                         
#     @                         
#     @                         
#     @o                        
#    @@@                        
# ...@@@                        
# mean = 4	std = 0.55	skewness = -0.5	kurtosis-3 = 2.7


# root 3802 endnodes 500
xz7 = [
1 0
2 1
3 16
4 180
5 297
6 6
];
# infPath 0
#                               
#      o                        
#      @                        
#      @                        
#      @                        
#     @@                        
#     @@                        
#     @@                        
#     @@                        
#     @@                        
# ...o@@.                       
# mean = 4.6	std = 0.59	skewness = -0.77	kurtosis-3 = 0.36
