# graph_n10000_ba_8_2147483647_id1531069264_ch.m
xz = [
1 79964
2 2872077
3 32518520
4 14520314
5 4125
];
# infPath 0
#                               
#    o                          
#    @                          
#    @                          
#    @                          
#    @                          
#    @                          
#    @o                         
#    @@                         
#    @@                         
#    @@                         
# ..@@@.                        
# mean = 3.2	std = 0.55	skewness = 0.0033	kurtosis-3 = 0.029


# root 9560 endnodes 500
xz0 = [
1 0
2 6
3 229
4 265
];
# infPath 0
#                               
#     o                         
#    o@                         
#    @@                         
#    @@                         
#    @@                         
#    @@                         
#    @@                         
#    @@                         
# ...@@                         
# mean = 3.5	std = 0.52	skewness = -0.32	kurtosis-3 = -1.3


# root 4013 endnodes 500
xz1 = [
1 0
2 6
3 303
4 191
];
# infPath 0
#                               
#    o                          
#    @                          
#    @                          
#    @.                         
#    @@                         
#    @@                         
#    @@                         
#    @@                         
#    @@                         
# ...@@                         
# mean = 3.4	std = 0.51	skewness = 0.26	kurtosis-3 = -1.3


# root 8037 endnodes 500
xz2 = [
1 1
2 15
3 300
4 184
];
# infPath 0
#                               
#    o                          
#    @                          
#    @                          
#    @                          
#    @@                         
#    @@                         
#    @@                         
#    @@                         
#    @@                         
# ..o@@                         
# mean = 3.3	std = 0.54	skewness = -0.064	kurtosis-3 = -0.31


# root 7834 endnodes 500
xz3 = [
1 1
2 32
3 352
4 115
];
# infPath 0
#                               
#    .                          
#    @                          
#    @                          
#    @                          
#    @                          
#    @                          
#    @                          
#    @                          
#    @o                         
#    @@                         
#   .@@                         
# ..@@@                         
# mean = 3.2	std = 0.53	skewness = 0.081	kurtosis-3 = 0.59


# root 1068 endnodes 500
xz4 = [
1 1
2 43
3 421
4 35
];
# infPath 0
#                               
#    o                          
#    @                          
#    @                          
#    @                          
#    @                          
#    @                          
#    @                          
#    @                          
#    @                          
#    @                          
#    @                          
#    @                          
#   o@.                         
# ..@@@                         
# mean = 3	std = 0.4	skewness = -0.33	kurtosis-3 = 3.9


# root 3028 endnodes 500
xz5 = [
1 0
2 29
3 381
4 90
];
# infPath 0
#                               
#    .                          
#    @                          
#    @                          
#    @                          
#    @                          
#    @                          
#    @                          
#    @                          
#    @                          
#    @                          
#    @@                         
#    @@                         
# ..@@@                         
# mean = 3.1	std = 0.47	skewness = 0.36	kurtosis-3 = 0.98


# root 6915 endnodes 500
xz6 = [
1 1
2 7
3 259
4 233
];
# infPath 0
#                               
#    .                          
#    @o                         
#    @@                         
#    @@                         
#    @@                         
#    @@                         
#    @@                         
#    @@                         
# ...@@                         
# mean = 3.4	std = 0.54	skewness = -0.26	kurtosis-3 = -0.62


# root 2905 endnodes 500
xz7 = [
1 1
2 7
3 275
4 217
];
# infPath 0
#                               
#    @                          
#    @                          
#    @@                         
#    @@                         
#    @@                         
#    @@                         
#    @@                         
#    @@                         
# ...@@                         
# mean = 3.4	std = 0.53	skewness = -0.14	kurtosis-3 = -0.62
