# graph_n10000_pfk_1_2147483647_id1531086915_ch.m
xz = [
1 9999
2 81661
3 337404
4 920302
5 1882738
6 3087361
7 4222891
8 4928278
9 5029697
10 4611559
11 3922009
12 3228858
13 2708558
14 2373436
15 2141966
16 1912438
17 1633241
18 1320154
19 1019845
20 788280
21 649202
22 573677
23 520801
24 462783
25 392583
26 318732
27 252225
28 197901
29 150517
30 108670
31 75201
32 49491
33 32258
34 21385
35 13687
36 8056
37 4190
38 1928
39 702
40 196
41 78
42 50
43 12
];
# infPath 0
#                               
#        oooo..                 
# .....o@@@@@@@@@ooooo......... 
# mean = 12	std = 5.4	skewness = 1.1	kurtosis-3 = 1.2


# root 2786 endnodes 500
xz0 = [
1 0
2 0
3 0
4 3
5 26
6 70
7 89
8 74
9 72
10 50
11 18
12 19
13 18
14 17
15 12
16 4
17 5
18 2
19 2
20 3
21 5
22 1
23 3
24 4
25 0
26 2
27 0
28 1
];
# infPath 0
#                               
#       .@oo                    
#       @@@@o                   
# .....@@@@@@ooooo............. 
# mean = 9.3	std = 3.9	skewness = 1.9	kurtosis-3 = 4.3


# root 7707 endnodes 500
xz1 = [
1 0
2 0
3 0
4 0
5 10
6 19
7 48
8 66
9 83
10 87
11 62
12 43
13 24
14 14
15 4
16 5
17 10
18 4
19 2
20 3
21 2
22 2
23 1
24 2
25 3
26 3
27 2
28 0
29 0
30 1
];
# infPath 0
#                               
#         .o@                   
#        o@@@@o                 
# .....oo@@@@@@@o..o........... 
# mean = 10	std = 3.7	skewness = 2.1	kurtosis-3 = 6


# root 8028 endnodes 500
xz2 = [
1 0
2 0
3 1
4 0
5 0
6 0
7 1
8 5
9 15
10 18
11 37
12 72
13 71
14 89
15 61
16 33
17 19
18 18
19 10
20 11
21 4
22 10
23 5
24 2
25 1
26 4
27 1
28 3
29 3
30 3
31 0
32 0
33 1
34 2
];
# infPath 0
#                               
#             o.@               
#            .@@@@.             
# .........oo@@@@@@oooo.o...... 
# mean = 15	std = 4.1	skewness = 1.7	kurtosis-3 = 4.6


# root 1835 endnodes 500
xz3 = [
1 0
2 0
3 0
4 0
5 2
6 4
7 12
8 22
9 43
10 51
11 91
12 95
13 54
14 47
15 18
16 10
17 10
18 4
19 9
20 12
21 0
22 4
23 2
24 1
25 1
26 2
27 2
28 1
29 1
30 1
31 1
];
# infPath 0
#                               
#             .                 
#            @@                 
#          oo@@@o               
# .......o@@@@@@@ooo..o........ 
# mean = 12	std = 3.7	skewness = 1.8	kurtosis-3 = 5


# root 1596 endnodes 500
xz4 = [
1 0
2 0
3 1
4 3
5 12
6 26
7 64
8 69
9 78
10 63
11 47
12 23
13 20
14 14
15 24
16 13
17 11
18 12
19 1
20 5
21 2
22 3
23 2
24 1
25 2
26 2
27 1
28 0
29 1
];
# infPath 0
#                               
#        ..o.                   
#        @@@@o                  
# .....o@@@@@@@oo@ooo.......... 
# mean = 10	std = 4	skewness = 1.5	kurtosis-3 = 2.7


# root 7642 endnodes 500
xz5 = [
1 0
2 0
3 0
4 7
5 9
6 31
7 59
8 82
9 84
10 60
11 42
12 22
13 21
14 25
15 17
16 13
17 12
18 5
19 1
20 0
21 4
22 2
23 1
24 2
25 1
];
# infPath 0
#                               
#         oo                    
#        @@@@o                  
# ......@@@@@@@o@ooo........    
# mean = 10	std = 3.5	skewness = 1.2	kurtosis-3 = 2


# root 6325 endnodes 500
xz6 = [
1 0
2 0
3 0
4 0
5 2
6 11
7 18
8 41
9 68
10 73
11 72
12 56
13 62
14 30
15 10
16 10
17 14
18 5
19 6
20 3
21 2
22 2
23 3
24 4
25 4
26 1
27 1
28 1
29 1
];
# infPath 0
#                               
#          .oo                  
#         o@@@@@                
# ......oo@@@@@@@ooo........... 
# mean = 12	std = 3.7	skewness = 1.6	kurtosis-3 = 3.8


# root 2306 endnodes 500
xz7 = [
1 0
2 6
3 21
4 65
5 87
6 88
7 63
8 45
9 32
10 16
11 16
12 18
13 9
14 6
15 5
16 2
17 1
18 2
19 3
20 10
21 2
22 0
23 1
24 0
25 2
];
# infPath 0
#                               
#     .@@.                      
#     @@@@o.                    
# ...o@@@@@@ooo.......o.....    
# mean = 7.3	std = 3.8	skewness = 1.8	kurtosis-3 = 4
