# graph_n10000_pfk_2_2147483647_id1531086739_ch.m
xz = [
1 19991
2 264421
3 2255422
4 10864549
5 21230561
6 12926688
7 1819326
8 218742
9 238689
10 130317
11 24616
12 1384
13 246
14 48
];
# infPath 0
#                               
#      @                        
#      @                        
#      @.                       
#     o@@                       
#     @@@                       
#     @@@                       
# ...@@@@o.......               
# mean = 5.1	std = 1	skewness = 0.46	kurtosis-3 = 2.5


# root 8568 endnodes 500
xz0 = [
1 0
2 1
3 9
4 106
5 236
6 137
7 8
8 1
9 1
10 1
];
# infPath 0
#                               
#      o                        
#      @                        
#      @                        
#      @o                       
#     o@@                       
#     @@@                       
#     @@@                       
# ....@@@....                   
# mean = 5.1	std = 0.86	skewness = 0.41	kurtosis-3 = 2.6


# root 8498 endnodes 500
xz1 = [
1 0
2 0
3 3
4 39
5 193
6 227
7 36
8 0
9 0
10 2
];
# infPath 0
#                               
#       .                       
#      .@                       
#      @@                       
#      @@                       
#      @@                       
#      @@                       
#     .@@.                      
# ....@@@@...                   
# mean = 5.5	std = 0.82	skewness = 0.37	kurtosis-3 = 3


# root 4964 endnodes 500
xz2 = [
1 0
2 1
3 1
4 10
5 85
6 245
7 144
8 10
9 0
10 2
11 1
12 1
];
# infPath 0
#                               
#       @                       
#       @                       
#       @                       
#       @o                      
#       @@                      
#      @@@                      
#      @@@                      
# ....o@@@o....                 
# mean = 6.1	std = 0.91	skewness = 0.68	kurtosis-3 = 5.9


# root 8885 endnodes 500
xz3 = [
1 0
2 0
3 4
4 21
5 137
6 260
7 76
8 1
9 1
];
# infPath 0
#                               
#       o                       
#       @                       
#       @                       
#       @                       
#      o@                       
#      @@                       
#      @@o                      
#      @@@                      
# ....o@@@..                    
# mean = 5.8	std = 0.8	skewness = -0.33	kurtosis-3 = 0.85


# root 5534 endnodes 500
xz4 = [
1 0
2 0
3 0
4 26
5 158
6 247
7 65
8 2
9 1
10 1
];
# infPath 0
#                               
#       @                       
#       @                       
#      .@                       
#      @@                       
#      @@                       
#      @@.                      
#      @@@                      
# ....@@@@...                   
# mean = 5.7	std = 0.81	skewness = 0.29	kurtosis-3 = 1.5


# root 6228 endnodes 500
xz5 = [
1 0
2 1
3 3
4 12
5 85
6 265
7 122
8 7
9 1
10 4
];
# infPath 0
#                               
#       o                       
#       @                       
#       @                       
#       @                       
#       @                       
#       @@                      
#      @@@                      
#      @@@                      
# ....o@@@...                   
# mean = 6.1	std = 0.89	skewness = 0.16	kurtosis-3 = 3.6


# root 9633 endnodes 500
xz6 = [
1 0
2 2
3 13
4 99
5 232
6 145
7 6
8 1
9 2
];
# infPath 0
#                               
#      o                        
#      @                        
#      @                        
#      @o                       
#     .@@                       
#     @@@                       
#     @@@                       
# ...o@@@...                    
# mean = 5.1	std = 0.87	skewness = 0.022	kurtosis-3 = 1.5


# root 8482 endnodes 500
xz7 = [
1 0
2 2
3 6
4 44
5 223
6 193
7 27
8 0
9 3
10 2
];
# infPath 0
#                               
#      .                        
#      @.                       
#      @@                       
#      @@                       
#      @@                       
#      @@                       
#     o@@                       
# ....@@@@...                   
# mean = 5.4	std = 0.89	skewness = 0.49	kurtosis-3 = 4
