# graph_n10000_pfb_1_2147483647_id1531122155_ch.m
xz = [
1 9999
2 65320
3 228466
4 596943
5 1309885
6 2469428
7 4003311
8 5654133
9 6937398
10 7374587
11 6828902
12 5535110
13 3951853
14 2494340
15 1389882
16 683970
17 297040
18 112902
19 37666
20 10790
21 2569
22 458
23 48
];
# infPath 0
#                               
#          .o.                  
#        .@@@@@.                
# .....o@@@@@@@@@o........      
# mean = 10	std = 2.7	skewness = 0.073	kurtosis-3 = -0.043


# root 7748 endnodes 500
xz0 = [
1 0
2 0
3 1
4 0
5 7
6 21
7 36
8 51
9 80
10 85
11 105
12 57
13 34
14 15
15 4
16 4
];
# infPath 0
#                               
#            o                  
#          o@@                  
#        .o@@@@.                
# ......o@@@@@@@o..             
# mean = 10	std = 2.1	skewness = -0.07	kurtosis-3 = -0.032


# root 5705 endnodes 500
xz1 = [
1 0
2 0
3 0
4 4
5 2
6 14
7 31
8 75
9 81
10 109
11 95
12 56
13 19
14 11
15 3
];
# infPath 0
#                               
#           o.                  
#         oo@@                  
#         @@@@@                 
# ......o@@@@@@oo.              
# mean = 9.8	std = 1.9	skewness = -0.12	kurtosis-3 = 0.12


# root 1499 endnodes 500
xz2 = [
1 0
2 0
3 2
4 5
5 10
6 44
7 88
8 113
9 97
10 64
11 47
12 15
13 13
14 2
];
# infPath 0
#                               
#         o.                    
#        @@@.                   
#       o@@@@o                  
# .....o@@@@@@oo.               
# mean = 8.5	std = 1.9	skewness = 0.22	kurtosis-3 = 0.077


# root 9421 endnodes 500
xz3 = [
1 0
2 0
3 0
4 5
5 5
6 10
7 10
8 5
9 8
10 36
11 76
12 102
13 84
14 92
15 40
16 12
17 12
18 2
19 1
];
# infPath 0
#                               
#             .                 
#            o@o@               
#           .@@@@.              
# ......oo..@@@@@@oo..          
# mean = 12	std = 2.4	skewness = -0.85	kurtosis-3 = 1.6


# root 1315 endnodes 500
xz4 = [
1 0
2 0
3 0
4 2
5 10
6 14
7 19
8 28
9 38
10 85
11 76
12 82
13 75
14 46
15 17
16 7
17 1
];
# infPath 0
#                               
#           @ooo                
#          .@@@@o               
# .....ooo@@@@@@@o..            
# mean = 11	std = 2.4	skewness = -0.45	kurtosis-3 = -0.015


# root 6779 endnodes 500
xz5 = [
1 0
2 2
3 2
4 5
5 4
6 8
7 16
8 32
9 64
10 89
11 93
12 82
13 63
14 23
15 11
16 4
17 2
];
# infPath 0
#                               
#          .@@o.                
#         .@@@@@                
# .......o@@@@@@@o..            
# mean = 11	std = 2.3	skewness = -0.54	kurtosis-3 = 1.1


# root 5527 endnodes 500
xz6 = [
1 0
2 1
3 0
4 0
5 0
6 1
7 6
8 16
9 28
10 57
11 110
12 91
13 89
14 65
15 19
16 10
17 4
18 3
];
# infPath 0
#                               
#            o                  
#            @@@.               
#           @@@@@               
# ........o@@@@@@oo..           
# mean = 12	std = 2	skewness = -0.16	kurtosis-3 = 1.1


# root 6725 endnodes 500
xz7 = [
1 0
2 0
3 2
4 0
5 3
6 9
7 16
8 32
9 60
10 90
11 91
12 80
13 65
14 30
15 17
16 5
];
# infPath 0
#                               
#           @@o.                
#         .@@@@@                
# .......o@@@@@@@o.             
# mean = 11	std = 2.2	skewness = -0.27	kurtosis-3 = 0.26
