# graph_n10000_ba_4_2147483647_id1531070863_ch.m
xz = [
1 39990
2 865814
3 11019043
4 30830350
5 7219529
6 20274
];
# infPath 0
#                               
#     @                         
#     @                         
#     @                         
#     @                         
#     @                         
#     @                         
#    o@                         
#    @@o                        
#    @@@                        
# ...@@@.                       
# mean = 3.9	std = 0.66	skewness = -0.31	kurtosis-3 = 0.47


# root 3316 endnodes 500
xz0 = [
1 2
2 16
3 163
4 310
5 9
];
# infPath 0
#                               
#     @                         
#     @                         
#     @                         
#     @                         
#    .@                         
#    @@                         
#    @@                         
#    @@                         
#    @@                         
# ..o@@.                        
# mean = 3.6	std = 0.6	skewness = -0.92	kurtosis-3 = 1.1


# root 9466 endnodes 500
xz1 = [
1 0
2 2
3 46
4 320
5 132
];
# infPath 0
#                               
#     .                         
#     @                         
#     @                         
#     @                         
#     @                         
#     @                         
#     @.                        
#     @@                        
#     @@                        
#    o@@                        
# ...@@@                        
# mean = 4.2	std = 0.59	skewness = -0.17	kurtosis-3 = 0.23


# root 9516 endnodes 500
xz2 = [
1 0
2 23
3 236
4 240
5 1
];
# infPath 0
#                               
#    oo                         
#    @@                         
#    @@                         
#    @@                         
#    @@                         
#    @@                         
#    @@                         
# ..@@@.                        
# mean = 3.4	std = 0.59	skewness = -0.42	kurtosis-3 = -0.67


# root 5954 endnodes 500
xz3 = [
1 0
2 1
3 36
4 298
5 165
];
# infPath 0
#                               
#     o                         
#     @                         
#     @                         
#     @                         
#     @.                        
#     @@                        
#     @@                        
#     @@                        
#    .@@                        
# ...@@@                        
# mean = 4.3	std = 0.59	skewness = -0.18	kurtosis-3 = -0.21


# root 418 endnodes 500
xz4 = [
1 0
2 21
3 241
4 236
5 2
];
# infPath 0
#                               
#    @o                         
#    @@                         
#    @@                         
#    @@                         
#    @@                         
#    @@                         
#    @@                         
# ..o@@.                        
# mean = 3.4	std = 0.58	skewness = -0.34	kurtosis-3 = -0.66


# root 5974 endnodes 500
xz5 = [
1 0
2 2
3 49
4 313
5 136
];
# infPath 0
#                               
#     .                         
#     @                         
#     @                         
#     @                         
#     @                         
#     @                         
#     @o                        
#     @@                        
#     @@                        
#    o@@                        
# ...@@@                        
# mean = 4.2	std = 0.6	skewness = -0.19	kurtosis-3 = 0.11


# root 7829 endnodes 500
xz6 = [
1 0
2 1
3 55
4 311
5 133
];
# infPath 0
#                               
#     @                         
#     @                         
#     @                         
#     @                         
#     @                         
#     @.                        
#     @@                        
#     @@                        
#    @@@                        
# ...@@@                        
# mean = 4.2	std = 0.6	skewness = -0.13	kurtosis-3 = -0.14


# root 9295 endnodes 500
xz7 = [
1 0
2 9
3 122
4 349
5 20
];
# infPath 0
#                               
#     .                         
#     @                         
#     @                         
#     @                         
#     @                         
#     @                         
#     @                         
#     @                         
#    @@                         
#    @@                         
#    @@                         
# ...@@o                        
# mean = 3.8	std = 0.55	skewness = -0.73	kurtosis-3 = 0.93
