# graph_n10000_pfk_1_2147483647_id1531087033_ch.m
xz = [
1 9999
2 71555
3 282409
4 774474
5 1614653
6 2743593
7 3970837
8 5007540
9 5630632
10 5732482
11 5377381
12 4722901
13 3920689
14 3087206
15 2312351
16 1667378
17 1160089
18 772875
19 496834
20 301219
21 169734
22 89208
23 43396
24 20304
25 9181
26 4033
27 1543
28 390
29 101
30 11
31 2
];
# infPath 0
#                               
#        .o@@@o.                
# .....o@@@@@@@@@@oo........... 
# mean = 11	std = 3.5	skewness = 0.44	kurtosis-3 = 0.13


# root 9810 endnodes 500
xz0 = [
1 0
2 0
3 0
4 0
5 0
6 0
7 2
8 0
9 1
10 1
11 0
12 1
13 7
14 21
15 52
16 72
17 92
18 60
19 64
20 50
21 36
22 14
23 11
24 6
25 2
26 6
27 1
28 1
];
# infPath 0
#                               
#                 o@ .          
#                o@@@@o.        
# ..............o@@@@@@@oo..... 
# mean = 18	std = 2.7	skewness = 0.33	kurtosis-3 = 1.5


# root 2228 endnodes 500
xz1 = [
1 0
2 1
3 4
4 11
5 34
6 48
7 71
8 83
9 92
10 52
11 51
12 30
13 6
14 10
15 4
16 2
17 1
];
# infPath 0
#                               
#        .o@                    
#      .o@@@oo                  
# ....o@@@@@@@@.o...            
# mean = 8.5	std = 2.4	skewness = 0.32	kurtosis-3 = 0.22


# root 5367 endnodes 500
xz2 = [
1 0
2 0
3 0
4 0
5 4
6 12
7 32
8 44
9 64
10 82
11 62
12 73
13 44
14 27
15 27
16 10
17 7
18 7
19 4
20 1
];
# infPath 0
#                               
#          .o o                 
#        .o@@@@o                
# ......o@@@@@@@@@o....         
# mean = 11	std = 2.8	skewness = 0.49	kurtosis-3 = 0.16


# root 5441 endnodes 500
xz3 = [
1 0
2 0
3 1
4 3
5 4
6 2
7 12
8 30
9 63
10 67
11 68
12 67
13 61
14 33
15 32
16 20
17 17
18 3
19 11
20 2
21 2
22 0
23 0
24 2
];
# infPath 0
#                               
#          ....                 
#          @@@@@..              
# .......o@@@@@@@@oo.o.....     
# mean = 12	std = 3.1	skewness = 0.56	kurtosis-3 = 0.91


# root 4892 endnodes 500
xz4 = [
1 0
2 0
3 0
4 1
5 0
6 1
7 1
8 12
9 20
10 68
11 62
12 86
13 60
14 60
15 39
16 30
17 23
18 20
19 5
20 8
21 1
22 3
];
# infPath 0
#                               
#           . @                 
#           @@@@@.              
# ........oo@@@@@@@@o....       
# mean = 13	std = 2.8	skewness = 0.54	kurtosis-3 = 0.24


# root 8338 endnodes 500
xz5 = [
1 0
2 0
3 0
4 4
5 5
6 3
7 3
8 7
9 19
10 31
11 49
12 65
13 94
14 86
15 39
16 35
17 28
18 17
19 8
20 5
21 1
22 1
];
# infPath 0
#                               
#              .                
#             .@@               
#            o@@@..             
# .........o@@@@@@@@o....       
# mean = 13	std = 2.8	skewness = -0.23	kurtosis-3 = 0.89


# root 4212 endnodes 500
xz6 = [
1 0
2 0
3 3
4 15
5 54
6 77
7 79
8 90
9 48
10 37
11 37
12 26
13 14
14 9
15 5
16 5
17 0
18 1
];
# infPath 0
#                               
#       oo@                     
#      @@@@o..                  
# ....o@@@@@@@@o.....           
# mean = 8.2	std = 2.6	skewness = 0.76	kurtosis-3 = 0.32


# root 5496 endnodes 500
xz7 = [
1 0
2 0
3 0
4 0
5 5
6 3
7 4
8 8
9 34
10 56
11 81
12 88
13 65
14 56
15 37
16 29
17 14
18 2
19 11
20 4
21 3
];
# infPath 0
#                               
#            o@.                
#          .@@@@@.              
# .........@@@@@@@@o.o..        
# mean = 12	std = 2.7	skewness = 0.39	kurtosis-3 = 0.69
