# graph_n100000_ba_1_2147483647_id1531062671_ch.m
xz = [
1 99999
2 1410818
3 8782560
4 34685498
5 98649979
6 215921633
7 379516866
8 551454531
9 677343635
10 716917543
11 665206834
12 549925404
13 411358494
14 282232074
15 179681330
16 106991386
17 59801744
18 31450202
19 15623800
20 7347947
21 3278520
22 1390247
23 556999
24 209528
25 75262
26 25862
27 8212
28 2286
29 602
30 170
31 35
];
# infPath 0
#                               
#          ...                  
#        .@@@@@o                
# .....oo@@@@@@@@oo............ 
# mean = 5.3	std = 5.9	skewness = 1.3	kurtosis-3 = -1


# root 38422 endnodes 500
xz0 = [
1 0
2 0
3 0
4 0
5 3
6 1
7 7
8 27
9 65
10 93
11 105
12 85
13 49
14 39
15 15
16 7
17 4
];
# infPath 0
#                               
#            o                  
#          .@@@                 
#          @@@@o.               
# ........@@@@@@@o..            
# mean = 11	std = 2	skewness = 0.22	kurtosis-3 = 0.21


# root 58310 endnodes 500
xz1 = [
1 0
2 0
3 1
4 0
5 6
6 22
7 74
8 101
9 109
10 87
11 48
12 18
13 21
14 10
15 2
16 1
];
# infPath 0
#                               
#         .o                    
#        o@@@                   
#        @@@@o                  
# ......@@@@@@ooo..             
# mean = 9.1	std = 1.9	skewness = 0.53	kurtosis-3 = 0.42


# root 38347 endnodes 500
xz2 = [
1 0
2 0
3 0
4 0
5 1
6 4
7 25
8 68
9 86
10 109
11 99
12 54
13 26
14 11
15 10
16 4
17 2
18 1
];
# infPath 0
#                               
#           o.                  
#         .@@@                  
#         @@@@@                 
# .......@@@@@@@oo...           
# mean = 10	std = 2	skewness = 0.61	kurtosis-3 = 0.82


# root 25393 endnodes 500
xz3 = [
1 0
2 1
3 0
4 4
5 0
6 9
7 21
8 73
9 100
10 92
11 94
12 49
13 36
14 12
15 3
16 4
17 2
];
# infPath 0
#                               
#          . .                  
#         o@@@                  
#         @@@@o.                
# .......o@@@@@@o...            
# mean = 10	std = 2	skewness = 0.16	kurtosis-3 = 0.91


# root 57866 endnodes 500
xz4 = [
1 0
2 1
3 0
4 0
5 1
6 0
7 3
8 0
9 1
10 10
11 22
12 76
13 102
14 93
15 84
16 56
17 28
18 13
19 3
20 7
];
# infPath 0
#                               
#              .                
#             o@@o              
#             @@@@@             
# ..........o@@@@@@@o..         
# mean = 14	std = 2.1	skewness = -0.27	kurtosis-3 = 2.7


# root 47927 endnodes 500
xz5 = [
1 0
2 0
3 0
4 0
5 0
6 2
7 4
8 23
9 77
10 96
11 111
12 82
13 54
14 29
15 15
16 3
17 3
18 1
];
# infPath 0
#                               
#           .o                  
#          o@@o                 
#          @@@@@                
# ........@@@@@@@o...           
# mean = 11	std = 1.9	skewness = 0.44	kurtosis-3 = 0.29


# root 24184 endnodes 500
xz6 = [
1 0
2 0
3 0
4 6
5 26
6 67
7 113
8 94
9 88
10 59
11 26
12 12
13 5
14 1
15 2
16 1
];
# infPath 0
#                               
#        o.                     
#       .@@@                    
#       @@@@@                   
# .....@@@@@@@o....             
# mean = 8.1	std = 1.9	skewness = 0.58	kurtosis-3 = 0.73


# root 35676 endnodes 500
xz7 = [
1 0
2 0
3 0
4 0
5 1
6 0
7 11
8 25
9 67
10 88
11 121
12 73
13 48
14 37
15 19
16 8
17 1
18 0
19 0
20 1
];
# infPath 0
#                               
#            @                  
#          .@@o                 
#          @@@@o.               
# .......o@@@@@@@o.....         
# mean = 11	std = 2	skewness = 0.4	kurtosis-3 = 0.45
