# graph_n10000_ba_1_2147483647_id1530955235_ch.m
xz = [
1 9999
2 121632
3 604164
4 1761695
5 3563181
6 5527639
7 7031279
8 7630268
9 7209416
10 5992660
11 4413736
12 2889682
13 1690005
14 881140
15 410556
16 169932
17 62137
18 19592
19 5143
20 1010
21 128
22 6
];
# infPath 0
#                               
#        .oo                    
#      .@@@@@o                  
# ....o@@@@@@@@o.........       
# mean = 8.5	std = 2.6	skewness = 0.28	kurtosis-3 = -0.074


# root 6374 endnodes 500
xz0 = [
1 0
2 0
3 3
4 9
5 6
6 19
7 52
8 85
9 114
10 89
11 70
12 32
13 12
14 7
15 2
];
# infPath 0
#                               
#          o                    
#         @@@.                  
#        o@@@@.                 
# ......o@@@@@@o..              
# mean = 9.2	std = 2	skewness = -0.16	kurtosis-3 = 0.5


# root 903 endnodes 500
xz1 = [
1 0
2 0
3 1
4 2
5 3
6 3
7 6
8 18
9 48
10 97
11 85
12 89
13 64
14 51
15 27
16 5
17 1
];
# infPath 0
#                               
#           .                   
#           @@@.                
#          o@@@@o               
# ........o@@@@@@@..            
# mean = 11	std = 2.1	skewness = -0.32	kurtosis-3 = 0.58


# root 4883 endnodes 500
xz2 = [
1 0
2 0
3 0
4 9
5 18
6 43
7 86
8 109
9 81
10 84
11 34
12 27
13 6
14 3
];
# infPath 0
#                               
#         o                     
#        @@oo                   
#       o@@@@.                  
# .....o@@@@@@@..               
# mean = 8.5	std = 1.9	skewness = 0.14	kurtosis-3 = -0.18


# root 1089 endnodes 500
xz3 = [
1 0
2 2
3 0
4 1
5 13
6 35
7 78
8 106
9 103
10 90
11 39
12 22
13 7
14 4
];
# infPath 0
#                               
#         o.                    
#        o@@@                   
#       .@@@@.                  
# .....o@@@@@@@..               
# mean = 8.7	std = 1.8	skewness = 0.067	kurtosis-3 = 0.39


# root 6484 endnodes 500
xz4 = [
1 0
2 1
3 21
4 44
5 82
6 101
7 87
8 78
9 42
10 27
11 13
12 4
];
# infPath 0
#                               
#       .                       
#      o@@o                     
#     o@@@@o                    
# ...o@@@@@@@o.                 
# mean = 6.7	std = 2	skewness = 0.28	kurtosis-3 = -0.33


# root 1523 endnodes 500
xz5 = [
1 0
2 0
3 3
4 10
5 55
6 81
7 99
8 88
9 76
10 45
11 21
12 18
13 3
14 1
];
# infPath 0
#                               
#        .                      
#       o@@o                    
#      @@@@@o                   
# ....o@@@@@@oo..               
# mean = 7.7	std = 2	skewness = 0.36	kurtosis-3 = -0.22


# root 6520 endnodes 500
xz6 = [
1 0
2 0
3 5
4 21
5 58
6 77
7 94
8 95
9 79
10 43
11 16
12 9
13 2
14 1
];
# infPath 0
#                               
#        ..                     
#       o@@o                    
#      @@@@@o                   
# ....o@@@@@@o...               
# mean = 7.5	std = 1.9	skewness = 0.2	kurtosis-3 = -0.19


# root 1717 endnodes 500
xz7 = [
1 0
2 1
3 10
4 36
5 73
6 96
7 114
8 91
9 47
10 26
11 2
12 3
13 1
];
# infPath 0
#                               
#       .o                      
#      o@@@                     
#     .@@@@o                    
# ...o@@@@@@@...                
# mean = 6.8	std = 1.8	skewness = 0.16	kurtosis-3 = -0.038
