# graph_n10000_del_1_2147483647_id1531054899_ch.m
xz = [
1 9999
2 21711398
3 24428593
4 3174052
5 511263
6 138594
7 19484
8 1577
9 36
10 4
];
# infPath 0
#                               
#    @                          
#   @@                          
#   @@                          
#   @@                          
#   @@                          
#   @@                          
#   @@.                         
# ..@@@......                   
# mean = 2.7	std = 0.67	skewness = 1	kurtosis-3 = 2.4


# root 4121 endnodes 500
xz0 = [
1 0
2 241
3 249
4 0
5 9
6 1
];
# infPath 0
#                               
#   @@                          
#   @@                          
#   @@                          
#   @@                          
#   @@                          
#   @@                          
#   @@                          
# ..@@...                       
# mean = 2.6	std = 0.62	skewness = 1.3	kurtosis-3 = 3.8


# root 4284 endnodes 500
xz1 = [
1 0
2 181
3 281
4 36
5 2
];
# infPath 0
#                               
#    @                          
#    @                          
#    @                          
#   @@                          
#   @@                          
#   @@                          
#   @@                          
#   @@.                         
# ..@@@.                        
# mean = 2.7	std = 0.61	skewness = 0.34	kurtosis-3 = -0.078


# root 9044 endnodes 500
xz2 = [
1 0
2 204
3 261
4 33
5 1
6 1
];
# infPath 0
#                               
#    o                          
#    @                          
#   o@                          
#   @@                          
#   @@                          
#   @@                          
#   @@                          
#   @@.                         
# ..@@@..                       
# mean = 2.7	std = 0.62	skewness = 0.63	kurtosis-3 = 0.94


# root 1526 endnodes 500
xz3 = [
1 0
2 214
3 249
4 37
];
# infPath 0
#                               
#    @                          
#   @@                          
#   @@                          
#   @@                          
#   @@                          
#   @@                          
#   @@.                         
# ..@@@                         
# mean = 2.6	std = 0.61	skewness = 0.39	kurtosis-3 = -0.68


# root 7857 endnodes 500
xz4 = [
1 0
2 268
3 227
4 0
5 3
6 2
];
# infPath 0
#                               
#   o                           
#   @.                          
#   @@                          
#   @@                          
#   @@                          
#   @@                          
#   @@                          
#   @@                          
# ..@@...                       
# mean = 2.5	std = 0.58	skewness = 1.4	kurtosis-3 = 5.1


# root 1554 endnodes 500
xz5 = [
1 0
2 215
3 248
4 35
5 2
];
# infPath 0
#                               
#    @                          
#   @@                          
#   @@                          
#   @@                          
#   @@                          
#   @@                          
#   @@.                         
# ..@@@.                        
# mean = 2.6	std = 0.63	skewness = 0.53	kurtosis-3 = -0.15


# root 1563 endnodes 500
xz6 = [
1 0
2 250
3 246
4 1
5 3
];
# infPath 0
#                               
#   @@                          
#   @@                          
#   @@                          
#   @@                          
#   @@                          
#   @@                          
#   @@                          
# ..@@..                        
# mean = 2.5	std = 0.54	skewness = 0.56	kurtosis-3 = 0.57


# root 9181 endnodes 500
xz7 = [
1 0
2 262
3 230
4 0
5 7
6 1
];
# infPath 0
#                               
#   o                           
#   @o                          
#   @@                          
#   @@                          
#   @@                          
#   @@                          
#   @@                          
#   @@                          
# ..@@...                       
# mean = 2.5	std = 0.6	skewness = 1.3	kurtosis-3 = 4
