# graph_n10000_ba_1_256_id1531054684_ch.m
xz = [
1 9999
2 80464
3 332269
4 931958
5 1974427
6 3390211
7 4928389
8 6199531
9 6874344
10 6781650
11 5963423
12 4675425
13 3285409
14 2082750
15 1206785
16 650311
17 333382
18 164723
19 77847
20 33961
21 12838
22 3853
23 861
24 162
25 26
26 2
];
# infPath 0
#                               
#          ..                   
#       .o@@@@o.                
# .....o@@@@@@@@oo...........   
# mean = 9.6	std = 2.9	skewness = 0.25	kurtosis-3 = 0.053


# root 1017 endnodes 500
xz0 = [
1 1
2 0
3 9
4 31
5 63
6 81
7 90
8 83
9 60
10 47
11 19
12 8
13 4
14 2
15 1
16 1
];
# infPath 0
#                               
#      .o@o                     
#      @@@@@o                   
# ....@@@@@@@o.....             
# mean = 7.3	std = 2.2	skewness = 0.41	kurtosis-3 = 0.36


# root 4888 endnodes 500
xz1 = [
1 0
2 0
3 5
4 27
5 32
6 61
7 85
8 66
9 84
10 72
11 36
12 20
13 6
14 2
15 2
16 2
];
# infPath 0
#                               
#        @.oo                   
#      .@@@@@.                  
# ....@@@@@@@@o....             
# mean = 8.1	std = 2.3	skewness = 0.2	kurtosis-3 = -0.0085


# root 7384 endnodes 500
xz2 = [
1 0
2 0
3 0
4 0
5 3
6 4
7 9
8 13
9 27
10 49
11 66
12 79
13 84
14 75
15 52
16 27
17 11
18 0
19 1
];
# infPath 0
#                               
#            .ooo               
#           o@@@@o              
# ........o@@@@@@@@o..          
# mean = 12	std = 2.4	skewness = -0.37	kurtosis-3 = 0.06


# root 4502 endnodes 500
xz3 = [
1 0
2 1
3 1
4 1
5 0
6 2
7 5
8 3
9 4
10 11
11 18
12 36
13 36
14 66
15 84
16 77
17 82
18 35
19 27
20 9
21 2
];
# infPath 0
#                               
#               .ooo            
#             ..@@@@.           
# ..........oo@@@@@@@@..        
# mean = 15	std = 2.7	skewness = -0.97	kurtosis-3 = 2.1


# root 2922 endnodes 500
xz4 = [
1 0
2 1
3 3
4 4
5 12
6 18
7 40
8 58
9 69
10 98
11 85
12 53
13 31
14 16
15 8
16 1
17 3
];
# infPath 0
#                               
#           .                   
#          .@@                  
#        .@@@@o                 
# .....oo@@@@@@@o...            
# mean = 9.8	std = 2.4	skewness = -0.12	kurtosis-3 = 0.35


# root 1605 endnodes 500
xz5 = [
1 0
2 0
3 3
4 5
5 10
6 16
7 17
8 53
9 69
10 90
11 83
12 82
13 38
14 24
15 9
16 1
];
# infPath 0
#                               
#          .@oo                 
#         o@@@@.                
# .....ooo@@@@@@@..             
# mean = 10	std = 2.3	skewness = -0.42	kurtosis-3 = 0.25


# root 2135 endnodes 500
xz6 = [
1 0
2 0
3 2
4 7
5 22
6 28
7 45
8 63
9 94
10 87
11 63
12 51
13 26
14 9
15 3
];
# infPath 0
#                               
#          .                    
#         .@@.                  
#        o@@@@o                 
# .....@@@@@@@@@..              
# mean = 9.3	std = 2.3	skewness = -0.17	kurtosis-3 = -0.27


# root 2086 endnodes 500
xz7 = [
1 0
2 0
3 5
4 15
5 28
6 61
7 74
8 78
9 90
10 65
11 41
12 24
13 10
14 3
15 4
16 2
];
# infPath 0
#                               
#        oo@.                   
#       @@@@@o                  
# ....o@@@@@@@@o...             
# mean = 8.4	std = 2.3	skewness = 0.27	kurtosis-3 = 0.13
