# graph_n10000_ba_8_2147483647_id1531070685_ch.m
xz = [
1 79964
2 2841784
3 32382544
4 14687423
5 3285
];
# infPath 0
#                               
#    o                          
#    @                          
#    @                          
#    @                          
#    @                          
#    @                          
#    @@                         
#    @@                         
#    @@                         
#    @@                         
# ..@@@.                        
# mean = 3.2	std = 0.55	skewness = -0.0025	kurtosis-3 = 0.0076


# root 9745 endnodes 500
xz0 = [
1 0
2 2
3 170
4 326
5 2
];
# infPath 0
#                               
#     o                         
#     @                         
#     @                         
#     @                         
#     @                         
#    o@                         
#    @@                         
#    @@                         
#    @@                         
#    @@                         
# ...@@.                        
# mean = 3.7	std = 0.49	skewness = -0.65	kurtosis-3 = -1


# root 1725 endnodes 500
xz1 = [
1 0
2 23
3 310
4 167
];
# infPath 0
#                               
#    @                          
#    @                          
#    @                          
#    @                          
#    @o                         
#    @@                         
#    @@                         
#    @@                         
#    @@                         
# ..@@@                         
# mean = 3.3	std = 0.55	skewness = 0.046	kurtosis-3 = -0.55


# root 5334 endnodes 500
xz2 = [
1 0
2 36
3 381
4 83
];
# infPath 0
#                               
#    .                          
#    @                          
#    @                          
#    @                          
#    @                          
#    @                          
#    @                          
#    @                          
#    @                          
#    @                          
#    @o                         
#   .@@                         
# ..@@@                         
# mean = 3.1	std = 0.48	skewness = 0.26	kurtosis-3 = 1.1


# root 7822 endnodes 500
xz3 = [
1 0
2 11
3 340
4 149
];
# infPath 0
#                               
#    @                          
#    @                          
#    @                          
#    @                          
#    @                          
#    @                          
#    @@                         
#    @@                         
#    @@                         
#    @@                         
# ..o@@                         
# mean = 3.3	std = 0.49	skewness = 0.44	kurtosis-3 = -0.59


# root 4593 endnodes 500
xz4 = [
1 2
2 23
3 339
4 136
];
# infPath 0
#                               
#    @                          
#    @                          
#    @                          
#    @                          
#    @                          
#    @                          
#    @o                         
#    @@                         
#    @@                         
#    @@                         
# ..@@@                         
# mean = 3.2	std = 0.54	skewness = -0.024	kurtosis-3 = 0.66


# root 5403 endnodes 500
xz5 = [
1 0
2 10
3 265
4 225
];
# infPath 0
#                               
#    o                          
#    @.                         
#    @@                         
#    @@                         
#    @@                         
#    @@                         
#    @@                         
#    @@                         
# ..o@@                         
# mean = 3.4	std = 0.53	skewness = -0.11	kurtosis-3 = -1.2


# root 1959 endnodes 500
xz6 = [
1 0
2 43
3 401
4 56
];
# infPath 0
#                               
#    @                          
#    @                          
#    @                          
#    @                          
#    @                          
#    @                          
#    @                          
#    @                          
#    @                          
#    @                          
#    @                          
#   o@@                         
# ..@@@                         
# mean = 3	std = 0.44	skewness = 0.12	kurtosis-3 = 2


# root 7862 endnodes 500
xz7 = [
1 0
2 19
3 341
4 140
];
# infPath 0
#                               
#    @                          
#    @                          
#    @                          
#    @                          
#    @                          
#    @                          
#    @o                         
#    @@                         
#    @@                         
#    @@                         
# ..o@@                         
# mean = 3.2	std = 0.51	skewness = 0.3	kurtosis-3 = -0.26
